1341847980.722988 -0.0000002 -0.0000001 -0.0000000 0.0000000 -0.0000001 -0.0000000 1.0000000
1341847981.658738 -0.0321419 0.0046307 -0.0098233 0.0050457 0.0123742 0.0056364 0.9998948
1341847981.694720 -0.0352139 0.0031624 -0.0095787 0.0042074 0.0137842 0.0049062 0.9998841
1341847983.570684 -0.2011929 -0.0011294 -0.0074920 -0.0055211 0.0702171 0.0236952 0.9972350
1341847984.174831 -0.3015637 0.0135977 -0.0168010 0.0019822 0.0883635 0.0295316 0.9956484
1341847984.374794 -0.3370699 0.0172794 -0.0013137 -0.0099690 0.0892150 0.0317053 0.9954577
1341847988.333739 -0.5490736 -0.1801611 0.5278772 0.0293739 0.3399085 0.1636848 0.9256385
1341847988.837897 -0.5738522 -0.1851586 0.5566410 0.0187909 0.3548762 0.1845600 0.9163228
1341847989.034678 -0.5931957 -0.1904440 0.5633730 0.0129450 0.3646439 0.1954274 0.9103161
1341847990.406760 -0.7695262 -0.2489847 0.5866426 0.0142373 0.3811269 0.1736671 0.9079534
1341847990.642783 -0.7937313 -0.2534754 0.5945861 0.0083740 0.3844725 0.1836200 0.9046516
1341847991.210687 -0.8412944 -0.2708135 0.6213295 0.0126108 0.4137814 0.2068764 0.8864694
1341847991.478824 -0.8641089 -0.2816905 0.6419946 0.0127042 0.4225374 0.2249406 0.8778966
1341847991.746823 -0.8784635 -0.2933590 0.6542236 0.0169459 0.4462194 0.2498624 0.8591681
1341847993.054757 -0.9763887 -0.3624086 0.7564260 0.0093017 0.5287561 0.2799797 0.8012127
1341847993.291547 -0.9848603 -0.3755087 0.7800406 0.0104230 0.5403876 0.2849762 0.7916193
1341847993.522707 -0.9935430 -0.3879272 0.8069193 0.0157987 0.5558983 0.2930386 0.7777247
1341847994.501736 -1.0217689 -0.4572487 0.9086616 0.0178757 0.6023228 0.3117385 0.7346475
1341847995.066673 -1.0432377 -0.4910428 0.9780728 0.0041403 0.6306787 0.3410640 0.6970671
1341847995.266776 -1.0461559 -0.5016854 0.9960693 0.0093617 0.6466427 0.3444959 0.6805058
1341847995.734774 -1.0431070 -0.5240597 1.0426735 0.0126564 0.6557773 0.3677959 0.6591829
1341847995.970733 -1.0407624 -0.5318845 1.0577226 0.0115505 0.6639131 0.3710552 0.6491563
1341847996.607104 -1.0451186 -0.5515452 1.0908767 0.0186242 0.6978315 0.3781824 0.6079987
1341847997.311412 -1.0608606 -0.5859853 1.1714938 0.0115338 0.7149953 0.3861553 0.5826944
1341847997.814628 -1.0398856 -0.6234391 1.2227283 0.0145011 0.7461825 0.3721028 0.5518523
1341847998.050805 -1.0254610 -0.6414395 1.2511566 0.0255919 0.7497416 0.3829555 0.5390525
1341847998.318804 -1.0102539 -0.6606830 1.2816591 0.0219256 0.7445375 0.3848138 0.5450701
1341847998.786762 -0.9904242 -0.6884929 1.3465431 0.0005631 0.7387250 0.3840130 0.5539125
1341847998.986722 -0.9852071 -0.6999611 1.3769583 -0.0011624 0.7384171 0.3932058 0.5478394
1341847999.222717 -0.9755092 -0.7080441 1.4048022 -0.0060303 0.7430112 0.3990848 0.5372424
1341847999.490878 -0.9645451 -0.7224609 1.4272274 0.0133168 0.7639537 0.4005827 0.5056985
1341847999.722697 -0.9443560 -0.7294157 1.4447367 0.0244607 0.7815573 0.4101661 0.4693970
1341847999.990848 -0.9142086 -0.7312339 1.4572175 0.0334686 0.7930019 0.4330428 0.4272022
1341848000.266975 -0.8855735 -0.7278719 1.4617748 0.0217226 0.7974417 0.4575804 0.3927276
1341848000.630641 -0.8471607 -0.7215869 1.4639535 0.0194496 0.8054330 0.4684019 0.3626281
1341848000.830729 -0.8229551 -0.7242371 1.4655311 0.0283566 0.8157665 0.4671868 0.3397902
1341848001.067042 -0.7940351 -0.7299255 1.4716053 0.0371830 0.8227922 0.4687634 0.3192040
1341848001.299150 -0.7622589 -0.7282137 1.4769925 0.0288894 0.8319133 0.4669064 0.2984696
1341848001.770725 -0.7083858 -0.7108696 1.4667555 0.0132127 0.8590004 0.4644703 0.2149675
1341848002.038858 -0.6793475 -0.7074217 1.4569640 0.0200964 0.8633452 0.4726128 0.1756936
1341848002.306708 -0.6502862 -0.7005821 1.4465373 0.0184470 0.8663079 0.4775464 0.1453263
1341848002.574707 -0.6263887 -0.6880511 1.4405152 0.0114812 0.8642105 0.4891579 0.1171876
1341848003.110641 -0.5689800 -0.6648449 1.4364676 0.0048262 0.8623675 0.4906213 0.1248593
1341848003.378999 -0.5397963 -0.6577637 1.4345301 -0.0182747 0.8654492 0.4825632 0.1334036
1341848003.617886 -0.5132298 -0.6501526 1.4355339 -0.0213275 0.8620287 0.4757481 0.1735381
1341848003.817941 -0.4918610 -0.6433541 1.4300215 -0.0287396 0.8576958 0.4707456 0.2047698
1341848004.053778 -0.4717205 -0.6292803 1.4172837 -0.0306225 0.8519555 0.4688650 0.2310837
1341848004.257760 -0.4526435 -0.6167690 1.4049501 -0.0298372 0.8445478 0.4698417 0.2551422
1341848004.689871 -0.4129678 -0.5919864 1.3992240 -0.0527127 0.8164879 0.4780417 0.3194448
1341848005.193749 -0.3920282 -0.5793327 1.4008876 -0.0583642 0.7917099 0.4820353 0.3707168
1341848005.425692 -0.3831873 -0.5771359 1.4064021 -0.0604544 0.7832702 0.4762400 0.3950046
1341848006.870724 -0.3207433 -0.5991975 1.4451551 -0.0247530 0.7512867 0.4319654 0.4983587
1341848007.137866 -0.3118707 -0.6127275 1.4613990 -0.0145263 0.7653148 0.4354028 0.4738214
1341848007.734605 -0.2890485 -0.6521876 1.5006193 -0.0017569 0.7815614 0.4566438 0.4250120
1341848008.606698 -0.2287811 -0.6916623 1.5532757 0.0173304 0.8093123 0.5003906 0.3071196
1341848008.874631 -0.2106200 -0.7037507 1.5627489 0.0164269 0.8171106 0.5029816 0.2811937
1341848009.174693 -0.1902248 -0.7089162 1.5757434 0.0088767 0.8275880 0.5042636 0.2464498
1341848009.442927 -0.1706102 -0.7094028 1.5856775 0.0110895 0.8299940 0.5228840 0.1938539
1341848010.314754 -0.0895171 -0.6822931 1.5654683 0.0065544 0.8314661 0.5289167 0.1699070
1341848010.918833 -0.0692938 -0.6646515 1.5155575 0.0124720 0.8325006 0.5412677 0.1175433
1341848011.118701 -0.0638236 -0.6614532 1.5083911 0.0131870 0.8342552 0.5419132 0.1008682
1341848011.322712 -0.0592752 -0.6582594 1.5021671 0.0093481 0.8350360 0.5439153 0.0823626
1341848011.822705 -0.0512258 -0.6417824 1.4866788 0.0121510 0.8335618 0.5518045 0.0232122
1341848012.090822 -0.0539156 -0.6288058 1.4708681 0.0112763 0.8290950 0.5589524 0.0068221
1341848013.262723 -0.0319194 -0.5675130 1.4114716 -0.0572774 0.8102354 0.5627978 0.1532854
1341848013.498782 -0.0251822 -0.5630696 1.4141738 -0.0652142 0.7948759 0.5667207 0.2067536
1341848013.734623 -0.0117875 -0.5647100 1.4184285 -0.0784687 0.7879164 0.5519883 0.2614180
1341848013.966740 -0.0012431 -0.5630030 1.4236732 -0.0818949 0.7825764 0.5372882 0.3036259
1341848014.202658 0.0146462 -0.5597010 1.4262235 -0.0974040 0.7638626 0.5309429 0.3537318
1341848014.470783 0.0432572 -0.5576187 1.4381123 -0.1073825 0.7452489 0.5072696 0.4192264
1341848014.706765 0.0646589 -0.5599960 1.4481442 -0.1060380 0.7302687 0.4777568 0.4766675
1341848015.174708 0.0952452 -0.5532758 1.4619716 -0.1086342 0.6851519 0.4626342 0.5520281
1341848015.342895 0.1041757 -0.5492792 1.4628882 -0.1111088 0.6616959 0.4557652 0.5848858
1341848016.253686 0.1188872 -0.5527480 1.4662234 -0.0970777 0.5495502 0.3590128 0.7481178
1341848016.757848 0.1074071 -0.5646238 1.4805615 -0.0618780 0.5705638 0.3780443 0.7264369
1341848016.882757 0.1007165 -0.5727407 1.4879057 -0.0618208 0.5711991 0.3799123 0.7249665
1341848017.150678 0.0857073 -0.5857253 1.5024837 -0.0636907 0.5827494 0.3866920 0.7119100
1341848017.418824 0.0656612 -0.6011727 1.5117747 -0.0373780 0.6176513 0.3917001 0.6809411
1341848017.587838 0.0527431 -0.6082141 1.5159582 -0.0315944 0.6330297 0.3934546 0.6659344
1341848017.790699 0.0440177 -0.6169603 1.5192162 -0.0149425 0.6500312 0.3929285 0.6502640
1341848017.990683 0.0318821 -0.6233801 1.5250689 -0.0090088 0.6605867 0.3911744 0.6407236
1341848018.534507 0.0260890 -0.6438211 1.5563663 -0.0036409 0.6939656 0.4211838 0.5839543
1341848018.802234 0.0249972 -0.6617494 1.5859375 -0.0071890 0.7109222 0.4308497 0.5557935
1341848019.130792 0.0229231 -0.6876431 1.6140028 -0.0037868 0.7265506 0.4304368 0.5355688
1341848019.467021 0.0169778 -0.7110990 1.6498704 -0.0122405 0.7519495 0.4378359 0.4926681
1341848019.798719 0.0165818 -0.7370069 1.6976118 -0.0079193 0.7706180 0.4443398 0.4567792
1341848020.102776 0.0212801 -0.7513690 1.7222775 0.0005648 0.7884115 0.4557727 0.4131323
1341848020.438816 0.0366694 -0.7664759 1.7450553 0.0000448 0.8136708 0.4565123 0.3599115
1341848020.738994 0.0576252 -0.7810163 1.7708964 0.0099830 0.8302566 0.4649583 0.3072264
1341848021.074762 0.0843091 -0.7955910 1.7884969 0.0154459 0.8362671 0.4745305 0.2742982
1341848021.455728 0.1219422 -0.8088882 1.8088176 0.0187565 0.8595145 0.4644948 0.2124327
1341848021.810867 0.1632425 -0.8232558 1.8328350 0.0146974 0.8722464 0.4611757 0.1621331
1341848022.178988 0.2147933 -0.8264612 1.8316728 0.0024654 0.8833116 0.4544263 0.1151144
1341848022.521730 0.2585537 -0.8325696 1.8172476 0.0164815 0.8947752 0.4428095 0.0550050
1341848022.882710 0.2946447 -0.8346409 1.8022251 0.0166102 0.8944100 0.4468840 -0.0070386
1341848023.218702 0.3390062 -0.8212239 1.7830305 0.0037546 0.8809700 0.4620919 -0.1017296
1341848023.586796 0.3796805 -0.7981181 1.7615421 -0.0121349 0.8600847 0.4831527 -0.1633110
1341848023.990739 0.4034066 -0.7828496 1.7248170 -0.0081804 0.8534938 0.4709190 -0.2229724
1341848024.358743 0.4163603 -0.7636198 1.6860483 0.0096640 0.8371555 0.4745026 -0.2718908
1341848024.994729 0.4609866 -0.7283231 1.6441803 0.0186355 0.8098302 0.4723943 -0.3473778
1341848025.262679 0.4892824 -0.7148352 1.6277544 0.0233885 0.7976857 0.4706456 -0.3763551
1341848025.598738 0.5135760 -0.7027586 1.6090814 0.0188383 0.7866371 0.4699363 -0.4000088
1341848025.967138 0.5329683 -0.6873239 1.5889277 0.0246875 0.7745740 0.4642996 -0.4287791
1341848026.570847 0.5665513 -0.6591265 1.5543535 0.0509458 0.7510806 0.4485822 -0.4817224
1341848027.138671 0.6224701 -0.6344125 1.5205278 0.0448161 0.7434389 0.4476896 -0.4948375
1341848027.342775 0.6493529 -0.6290091 1.5128962 -0.0442290 -0.7427426 -0.4381507 0.5043820
1341848027.543310 0.6752559 -0.6253955 1.5025662 0.0411693 0.7531734 0.4264967 -0.4991347
1341848027.742789 0.6948227 -0.6202047 1.4924003 0.0375512 0.7592856 0.4250560 -0.4913275
1341848028.582747 0.7363477 -0.5876114 1.4180455 0.0331287 0.7679725 0.4153492 -0.4864215
1341848028.814757 0.7501974 -0.5761764 1.3921254 0.0357132 0.7670892 0.4159020 -0.4871593
1341848029.082877 0.7637888 -0.5640586 1.3685118 0.0358295 0.7659597 0.4186212 -0.4865987
1341848029.518925 0.7893169 -0.5461144 1.3372562 -0.0286541 -0.7524252 -0.4208419 0.5058926
1341848029.822778 0.8204123 -0.5357758 1.3187124 -0.0339730 -0.7411081 -0.4077524 0.5322995
1341848030.526716 0.8672276 -0.5043035 1.2799238 -0.0369326 -0.6987323 -0.4027994 0.5900524
1341848030.758759 0.8757274 -0.4927409 1.2614245 -0.0426138 -0.6871794 -0.3902290 0.6113018
1341848030.994735 0.8887584 -0.4831527 1.2377839 -0.0503978 -0.6762780 -0.3674999 0.6364369
1341848031.394753 0.9116042 -0.4676363 1.1991115 -0.0666087 -0.6707104 -0.3492926 0.6509266
1341848031.966694 0.9427379 -0.4549664 1.1645032 -0.0543363 -0.6400848 -0.3249630 0.6940736
1341848032.166964 0.9572269 -0.4482371 1.1499422 -0.0506297 -0.6307907 -0.3200777 0.7050461
1341848032.366699 0.9699287 -0.4394117 1.1373093 -0.0495159 -0.6242570 -0.3181122 0.7117977
1341848032.970816 1.0003043 -0.4187190 1.0885583 -0.0392892 -0.6212249 -0.3012534 0.7223450
1341848033.206854 1.0003179 -0.4086911 1.0684189 -0.0410300 -0.6119269 -0.2901937 0.7346085
1341848033.674924 1.0031531 -0.3901246 1.0306616 -0.0464650 -0.5908883 -0.2780105 0.7559115
1341848034.142710 1.0114005 -0.3813089 1.0018754 -0.0353000 -0.5571027 -0.2464503 0.7922454
1341848034.386162 1.0223047 -0.3783178 0.9885944 -0.0351870 -0.5403257 -0.2260181 0.8097690
1341848034.653784 1.0376858 -0.3643997 0.9643148 -0.0365765 -0.5331722 -0.2254455 0.8145943
1341848035.118886 1.0526977 -0.3359429 0.9319355 -0.0431273 -0.5170500 -0.2280611 0.8238856
1341848035.586716 1.0465128 -0.3159178 0.8944911 -0.0488740 -0.5094856 -0.2056617 0.8341097
1341848035.786729 1.0435615 -0.3071314 0.8774922 -0.0565423 -0.4956275 -0.1928463 0.8449655
1341848036.826992 1.0174288 -0.2638048 0.7788815 -0.0488655 -0.4510167 -0.1527060 0.8779960
1341848037.061042 1.0113525 -0.2531328 0.7477079 -0.0404191 -0.4391409 -0.1402484 0.8864829
1341848037.295192 1.0074977 -0.2415342 0.7137591 -0.0124633 -0.4504041 -0.1269921 0.8836593
1341848037.494842 1.0002148 -0.2324448 0.6887760 -0.0034402 -0.4504342 -0.1298726 0.8833064
1341848037.730964 0.9871098 -0.2195302 0.6665897 0.0018517 -0.4385321 -0.1353801 0.8884585
1341848038.098674 0.9596605 -0.1996919 0.6376877 -0.0204691 -0.4044413 -0.1245868 0.9058071
1341848039.002634 0.9082572 -0.1579211 0.5532387 -0.0111481 -0.3588079 -0.1108527 0.9267385
1341848039.707168 0.8845007 -0.1230872 0.4891552 -0.0072948 -0.3249591 -0.0986644 0.9405391
1341848039.943367 0.8668135 -0.1125389 0.4731085 -0.0018597 -0.3108569 -0.0961366 0.9455804
1341848040.378809 0.8263211 -0.0966397 0.4459338 -0.0249134 -0.2783234 -0.0723025 0.9574381
1341848041.022638 0.7790999 -0.0882347 0.4088370 -0.0045175 -0.2061351 -0.0365690 0.9778295
1341848041.250726 0.7619736 -0.0802164 0.4006680 -0.0220606 -0.1818870 -0.0084101 0.9830360
1341848041.450845 0.7464713 -0.0738303 0.3966655 -0.0283744 -0.1629262 0.0001311 0.9862301
1341848041.650957 0.7219310 -0.0687151 0.3986195 -0.0325661 -0.1370434 0.0028372 0.9900255
1341848042.797954 0.5850797 -0.0742900 0.4087735 -0.0407911 -0.0336390 0.0905612 0.9944864
1341848042.997994 0.5648068 -0.0711240 0.4085431 -0.0419842 -0.0051516 0.1057919 0.9934883
1341848043.469625 0.5152112 -0.0762196 0.4197429 -0.0423535 0.0350074 0.1242492 0.9907284
1341848043.670144 0.4917019 -0.0807118 0.4321923 -0.0442895 0.0433269 0.1389785 0.9883553
1341848044.337838 0.4267924 -0.1057041 0.4738759 -0.0548877 0.0747920 0.1544676 0.9836327
1341848044.541856 0.4161299 -0.1092032 0.4864509 -0.0586151 0.0948941 0.1727799 0.9786248
1341848045.674943 0.3279375 -0.1422378 0.5670686 -0.0641027 0.1446714 0.2120954 0.9643529
1341848046.142773 0.2947393 -0.1546159 0.6111512 -0.0655818 0.1127916 0.1821958 0.9745675
1341848046.349732 0.2783277 -0.1525773 0.6199801 -0.0675641 0.0992097 0.1628016 0.9793305
1341848046.946882 0.2198616 -0.1397139 0.6121281 -0.0613396 0.0746673 0.1393901 0.9855114
1341848047.350637 0.1747874 -0.1309292 0.5941821 -0.0673109 0.0645398 0.1280026 0.9873800
1341848047.518733 0.1558425 -0.1285474 0.5855139 -0.0623254 0.0506609 0.1226977 0.9891887
1341848047.719086 0.1352003 -0.1296823 0.5784489 -0.0601618 0.0423993 0.1172552 0.9903707
1341848048.490668 0.0548274 -0.1367753 0.5668663 -0.0461895 0.0693600 0.1139879 0.9899811
1341848049.594759 -0.0496615 -0.1470258 0.5277093 0.0186415 0.0789341 0.1079021 0.9908476
1341848049.794722 -0.0742593 -0.1413145 0.5149712 0.0170022 0.0723241 0.1045934 0.9917361
1341848050.298842 -0.1319390 -0.1280396 0.4999261 0.0144622 0.0402236 0.0764148 0.9961595
1341848050.398693 -0.1423935 -0.1282520 0.4979860 0.0117023 0.0313865 0.0680960 0.9971163
1341848052.006755 -0.2328524 -0.1170291 0.4675082 0.0637284 -0.1269723 -0.0872136 0.9860074
1341848052.512393 -0.2014469 -0.1062018 0.4467596 0.0572105 -0.0973085 -0.1266194 0.9855077
1341848052.646710 -0.1893547 -0.1012775 0.4385807 0.0598275 -0.0929055 -0.1406561 0.9838725
1341848052.914694 -0.1640796 -0.0911007 0.4178432 0.0571033 -0.0750056 -0.1464963 0.9847092
1341848053.082651 -0.1493804 -0.0884967 0.4063073 0.0562846 -0.0563459 -0.1384186 0.9871664
1341848053.758007 -0.0985555 -0.0679663 0.3706208 0.0379804 0.0359415 -0.0543893 0.9971497
1341848054.019304 -0.0960710 -0.0662086 0.3579065 0.0413854 0.0733753 -0.0016284 0.9964440
1341848054.286801 -0.1036316 -0.0650661 0.3349593 0.0377821 0.0788340 0.0311076 0.9956857
1341848055.226768 -0.1290634 -0.0520425 0.2507875 0.0547205 0.1274902 0.0932289 0.9859312
1341848055.626675 -0.1606263 -0.0279384 0.2010489 0.0568312 0.1496979 0.1013647 0.9818788
1341848057.571069 -0.4385459 -0.0240587 0.2041281 -0.0052985 0.1812547 0.1572001 0.9707764
1341848058.442794 -0.5788571 -0.0423118 0.2345424 0.0064821 0.1901195 0.1785426 0.9653679
1341848058.846829 -0.6121224 -0.0567263 0.2593867 0.0133935 0.2106544 0.1981805 0.9571676
1341848059.214738 -0.6229625 -0.0653067 0.2724609 0.0190813 0.2394348 0.2053487 0.9487565
1341848060.218851 -0.6386036 -0.0630875 0.2683128 0.0641675 0.2838265 0.1936345 0.9369262
1341848060.554710 -0.6300573 -0.0553761 0.2639321 0.0687829 0.2933690 0.1711220 0.9380410
1341848063.034972 -0.5088622 -0.0630037 0.2606180 0.0893333 0.2276786 0.1458554 0.9585970
1341848063.402698 -0.4728886 -0.0575098 0.2511505 0.0842272 0.2116302 0.1267047 0.9654348
1341848064.749892 -0.3080707 -0.0801519 0.2981046 0.0744302 0.1856536 0.1127513 0.9732831
1341848065.546916 -0.2257619 -0.0726223 0.2885005 0.0828049 0.1549468 0.1085656 0.9784418
1341848066.354797 -0.1703113 -0.0636111 0.2864005 0.0641751 0.0833877 0.0657906 0.9922699
1341848067.258733 -0.0889929 -0.0762733 0.3085636 0.0827719 0.0607009 0.0159143 0.9945908
1341848067.658983 -0.0687352 -0.0740348 0.3025003 0.0817246 0.0725196 0.0340923 0.9934282
