1520531124.250447 0.0000000 0.0000000 0.0000000 0.0000000 0.0000000 0.0000000 1.0000000
1520531148.601419 0.2179487 -0.1113539 -0.2014336 0.1050636 -0.2358464 -0.4871264 0.8342937
1520531148.701422 0.1677125 -0.1068490 -0.1845192 0.1093938 -0.2369805 -0.4975740 0.8272203
1520531148.851427 0.0890816 -0.0905278 -0.1634255 0.0831131 -0.2490479 -0.3919439 0.8817297
1520531149.701341 -0.3226761 -0.0583512 0.0049499 -0.1079745 -0.1093573 0.3779142 0.9129969
1520531149.901481 -0.3462582 -0.0625343 0.0734948 -0.0679816 -0.0982111 0.3147714 0.9416220
1520531150.001484 -0.3495975 -0.0589965 0.1098599 -0.0682604 -0.0988350 0.2508573 0.9605430
1520531152.552324 0.1725015 0.1287967 0.3999162 -0.2046152 0.3766223 0.0518575 0.9019973
1520531152.652328 0.2029827 0.1139240 0.4087119 -0.1813584 0.4091093 0.0446422 0.8931662
1520531152.752373 0.2320120 0.0941430 0.4177099 -0.1575446 0.4385887 0.0386978 0.8839242
1520531157.703187 1.2105509 0.2179125 0.1853508 -0.1441761 0.8469276 0.3089927 0.4079832
1520531157.903195 1.2000723 0.2520023 0.1612264 -0.1628328 0.8331126 0.3631461 0.3841013
1520531158.003198 1.2096988 0.2510193 0.1351323 -0.1565680 0.8377798 0.3644676 0.3751998
1520531158.703285 1.3058913 0.0571001 -0.1090988 0.0074117 0.9438007 0.1338575 0.3021050
1520531162.052844 0.9482002 0.2307911 -0.7070039 0.1278608 0.8732481 0.3483887 -0.3157763
1520531162.102711 0.9357045 0.2388266 -0.7026414 0.1333594 0.8640459 0.3613159 -0.3241771
1520531162.352719 0.8589132 0.2513064 -0.6969438 0.1259031 0.8409329 0.3798003 -0.3643240
1520531164.001927 0.3071627 -0.2252894 -0.8133363 0.1229059 -0.7764942 0.1996669 0.5848795
1520531164.051929 0.2975866 -0.2360688 -0.8140778 0.1306469 -0.7734240 0.2124144 0.5827752
1520531164.101930 0.2862242 -0.2472427 -0.8110036 0.1370008 -0.7709918 0.2236003 0.5803493
1520531164.351593 0.2288399 -0.2822934 -0.8159761 0.1706617 -0.7580038 0.2560713 0.5750933
1520531166.252875 -0.2692831 0.2376343 -0.6877374 -0.2546379 -0.5974188 -0.2644835 0.7129507
1520531166.352878 -0.2811725 0.2502371 -0.6744491 -0.2684275 -0.5895503 -0.2748767 0.7105068
1520531166.552883 -0.3020460 0.2741537 -0.6499546 -0.2997307 -0.5644313 -0.2965779 0.7096622
1520531167.053241 -0.4778221 0.2342171 -0.5702780 -0.2576174 -0.5099483 -0.2148365 0.7921056
1520531167.552931 -0.6411651 0.0788043 -0.4799038 -0.1292584 -0.4558507 -0.0504103 0.8791764
1520531167.652934 -0.6617292 0.0521960 -0.4574009 -0.1082321 -0.4472047 -0.0223432 0.8875779
1520531167.752937 -0.6804135 0.0267507 -0.4311726 -0.0865705 -0.4395784 0.0017903 0.8940209
1520531168.552136 -0.7466180 -0.2262034 -0.2405958 0.2027752 -0.3417220 0.1371654 0.9073555
1520531168.651887 -0.7544791 -0.2294583 -0.2147645 0.2075982 -0.3210604 0.1295522 0.9148986
1520531168.951896 -0.7926532 -0.1764679 -0.1123464 0.1577651 -0.2504442 0.0829820 0.9515786
1520531170.602988 -0.7216045 0.2148009 0.1607878 -0.2853459 0.0126711 -0.0088364 0.9583001
1520531170.753179 -0.6984948 0.2122921 0.1858383 -0.3234009 0.0386395 -0.0150361 0.9453533
1520531170.853181 -0.6860522 0.2056255 0.2130865 -0.3363957 0.0474754 -0.0003503 0.9405232
1520531171.203319 -0.6160663 0.1372128 0.3565634 -0.2218724 0.1350578 0.0309201 0.9651818
1520531171.703107 -0.4585356 -0.0129293 0.4791828 -0.0367472 0.2624020 0.0336635 0.9636709
1520531171.803110 -0.4239779 -0.0427128 0.4915919 -0.0106597 0.2810879 0.0336186 0.9590338
1520531171.903113 -0.3878462 -0.0753270 0.5042081 0.0253402 0.2931671 0.0264517 0.9553592
1520531172.502367 -0.1939685 -0.2494713 0.5136757 0.1890968 0.4007010 -0.0657119 0.8940711
1520531172.952058 -0.0707394 -0.2443523 0.5297961 0.1966929 0.4758970 -0.0787444 0.8536001
1520531173.102063 -0.0209892 -0.2038113 0.5491017 0.1122161 0.5027335 -0.0440185 0.8559959
1520531174.103147 0.1695513 0.1934782 0.5321919 -0.3015325 0.5648280 0.2427775 0.7287706
1520531174.253152 0.1921403 0.2170798 0.5195515 -0.3284563 0.5671732 0.2636178 0.7077688
1520531174.403337 0.2242073 0.2235770 0.5079043 -0.3288666 0.5738634 0.2622939 0.7026588
1520531175.153451 0.5114826 0.1044665 0.5076252 -0.1598368 0.6764768 0.1741637 0.6974943
1520531175.353554 0.5956622 0.0309153 0.5112649 -0.0866155 0.7006077 0.1053555 0.7003905
1520531175.553560 0.6704344 -0.0514904 0.5123553 -0.0102084 0.7096669 0.0454728 0.7029942
1520531175.903112 0.7745749 -0.1951577 0.4899974 0.1477935 0.7053018 -0.0960892 0.6866392
1520531176.102458 0.8259372 -0.2616327 0.4666903 0.2094977 0.7019934 -0.1605499 0.6614679
1520531176.252462 0.8575919 -0.3010184 0.4534841 0.2502724 0.6852496 -0.2029064 0.6531659
1520531176.402467 0.8840646 -0.3341457 0.4441098 0.2819415 0.6718637 -0.2371442 0.6425502
1520531178.804032 1.3551152 0.0356956 -0.1371494 -0.0267282 0.9349024 0.1522846 0.3194567
1520531178.953318 1.3741115 -0.0266042 -0.1974669 0.0012964 0.9523729 0.0785929 0.2946309
1520531179.053320 1.3829712 -0.0691075 -0.2337375 0.0254905 0.9602939 0.0358580 0.2754996
1520531179.701969 1.3464524 -0.2647994 -0.3803601 0.0852547 0.9525148 -0.2406281 0.1659678
1520531179.751970 1.3405527 -0.2726073 -0.3901438 0.0920952 0.9475955 -0.2589855 0.1628120
1520531179.951977 1.3210517 -0.3085358 -0.4431569 0.1034235 0.9336466 -0.3133969 0.1392479
1520531180.051980 1.3097749 -0.3149957 -0.4765891 0.0957966 0.9359817 -0.3136208 0.1280753
1520531180.151860 1.3027285 -0.3069206 -0.5137613 0.0797699 0.9433520 -0.3012875 0.1137957
1520531180.701832 1.2096515 -0.1451868 -0.7042124 0.0450259 0.9962196 -0.0732184 -0.0125758
1520531180.952134 1.1639051 -0.0508473 -0.7706506 0.0593814 0.9948412 0.0342764 -0.0747661
1520531181.052137 1.1476972 -0.0109457 -0.7892101 0.0600464 0.9892200 0.0781543 -0.1083059
1520531181.202232 1.1115547 0.0413289 -0.8031909 0.0735351 0.9727434 0.1258819 -0.1803239
1520531183.053626 0.9113359 0.2497496 -0.4613511 -0.3950458 -0.2077069 -0.1403543 0.8837971
1520531185.903688 0.9236410 0.2364897 -0.5598364 -0.4394339 -0.2819784 -0.1447362 0.8404984
1520531186.153696 0.9248340 0.1858689 -0.4754947 -0.3730353 -0.3048702 -0.1566955 0.8621747
1520531186.353795 0.9179043 0.1141319 -0.4016559 -0.2810478 -0.3402677 -0.1606152 0.8828549
1520531189.003541 0.9444451 0.2211240 0.2401407 -0.2761335 -0.6549345 -0.3841746 0.5892546
1520531192.353339 -0.0210272 0.1794036 0.3273510 0.0091337 0.9250512 0.3746367 -0.0620027
1520531192.653741 -0.1106317 0.1641391 0.3173808 0.0065491 0.9364792 0.3498528 -0.0238116
1520531192.804112 -0.1561606 0.1226246 0.2816042 0.0021762 0.9595019 0.2816045 -0.0070867
1520531195.654121 -0.5339739 0.2515624 -0.2896151 -0.1971428 0.7983209 0.3621006 0.4389779
1520531195.804212 -0.5352467 0.2526163 -0.3348679 -0.2312405 0.7771637 0.3543739 0.4657934
1520531196.004131 -0.4950123 0.2223145 -0.3917927 -0.2085417 0.7712470 0.3047737 0.5184606
1520531199.404147 0.4535892 0.2219636 -0.6904525 -0.3707527 0.2082245 0.0656975 0.9027009
1520531199.604153 0.5198393 0.2014527 -0.6622842 -0.3292382 0.1853622 0.0511189 0.9244620
1520531199.854281 0.6208520 0.1417615 -0.6012820 -0.2459765 0.1590095 0.0175948 0.9559822
1520531200.952960 0.8662174 -0.2201149 -0.4475399 0.2264682 -0.0517559 0.0174890 0.9724853
1520531201.152966 0.9052993 -0.2442300 -0.4284440 0.2702020 -0.0857153 0.0471805 0.9578193
1520531201.403013 0.9421307 -0.2232305 -0.3529726 0.2420205 -0.1065495 0.0358394 0.9637369
1520531203.554198 0.9374071 0.1358867 0.1888532 -0.2454780 -0.4937683 -0.2157262 0.8058509
1520531203.803967 0.8499949 0.0684387 0.2377953 -0.1553623 -0.5561503 -0.1539472 0.8017853
1520531204.053974 0.7708827 -0.0039001 0.2848418 -0.1009070 -0.6160380 -0.0588381 0.7790078
1520531205.003084 0.5049242 -0.2698688 0.3566489 0.1721435 -0.7575577 0.1990733 0.5973632
1520531205.202832 0.4611770 -0.2841848 0.3440047 0.1591671 -0.8147702 0.2170999 0.5135008
1520531205.402838 0.4237481 -0.2650274 0.3174732 -0.0952082 0.9015606 -0.2123380 -0.3647415
1520531206.404623 0.2448331 -0.1386874 0.2914205 0.3668430 0.9272586 -0.0117935 0.0740187
1520531206.604630 0.1681110 -0.1083544 0.2902791 0.3825515 0.9208255 0.0491242 0.0576325
1520531206.804459 0.0581874 -0.0842807 0.2865908 0.3480915 0.9305079 0.0907127 -0.0689827
1520531206.954464 -0.0403677 -0.0784835 0.2899399 0.2972943 0.9279016 0.0622581 -0.2161912
1520531207.254134 -0.1978497 -0.0744548 0.3276566 0.1651958 0.8697441 0.0654799 -0.4603997
1520531207.653881 -0.3536769 -0.1394201 0.3509860 0.0585156 -0.8407751 0.0086008 0.5381442
1520531208.003369 -0.4188987 -0.1696714 0.2979654 -0.2071214 0.9030772 -0.0459932 -0.3734124
1520531208.153374 -0.4296573 -0.1655155 0.2597918 -0.2143303 0.9365875 -0.0714556 -0.2678816
1520531208.253377 -0.4409572 -0.1653771 0.2371923 -0.1980344 0.9572214 -0.0816565 -0.1945295
1520531210.654337 -0.7495873 0.0502015 -0.3301350 0.0026436 0.9479225 0.2008861 0.2471452
1520531210.804309 -0.7430575 0.0336695 -0.3962338 0.0277311 0.9672995 0.1082410 0.2276983
1520531210.954313 -0.7282403 -0.0120975 -0.4544831 0.0698557 0.9638000 0.0305773 0.2554893
1520531211.303186 -0.6824376 -0.1688042 -0.5288864 0.1617860 0.8879373 -0.2635243 0.3405108
1520531211.353189 -0.6764032 -0.1787439 -0.5381521 0.1717652 0.8755215 -0.2803368 0.3540763
1520531211.453192 -0.6526423 -0.1955257 -0.5449121 0.1981719 0.8525379 -0.2955811 0.3828039
1520531211.553195 -0.6359134 -0.2063472 -0.5542669 0.2251097 0.8301901 -0.3044609 0.4091621
1520531215.503847 0.4945240 0.0518014 -0.9183452 0.0061909 0.9561790 0.0938077 0.2772788
1520531215.653851 0.4725223 0.0581927 -0.9210974 0.0085217 0.9761583 0.1198398 0.1807786
1520531215.854248 0.4508927 -0.0019671 -0.9164962 0.0258461 0.9944319 0.0632861 0.0802007
1520531217.554533 1.0058414 -0.0461114 -0.5008678 0.0705978 0.9595498 0.1089152 0.2498351
1520531217.704538 0.9672487 -0.1141698 -0.5180955 0.1066649 0.9695194 0.0565591 0.2132034
1520531217.853975 0.8846511 -0.1484953 -0.5391948 0.1469691 0.9771289 0.0063573 0.1535539
1520531224.703507 0.1148967 -0.1999111 -0.5848247 -0.0162477 0.9774820 0.0347580 0.2075013
1520531227.754122 0.0013863 -0.2385739 -0.5888875 0.0425529 0.9572220 -0.2856476 0.0179109
1520531229.004389 0.0305638 -0.2158605 -0.5761340 -0.4983859 0.8544967 -0.0739598 0.1263995
1520531229.054390 0.0410562 -0.2133543 -0.5745145 -0.5343230 0.8304830 -0.0832301 0.1336778
1520531229.203760 0.0309717 -0.2010016 -0.5779662 -0.4991258 0.8546724 -0.0616169 0.1288866
1520531231.154213 0.0363303 -0.1070122 -0.9777101 0.0415181 0.9988781 -0.0157604 -0.0164480
1520531231.255740 0.0328944 -0.1025710 -0.9821255 0.0420083 0.9988183 -0.0206686 -0.0130411
1520531231.355743 0.0284341 -0.0870289 -0.9637614 0.0352350 0.9993439 -0.0039862 -0.0073794
1520531231.706091 0.0291247 -0.0109693 -0.7848533 0.0139819 0.9998602 -0.0022088 0.0088954
1520531231.806094 0.0368779 0.0108375 -0.7124151 0.0089164 0.9998665 0.0036425 0.0132009
1520531231.906097 0.0447058 0.0325577 -0.6373760 0.0026175 0.9997580 0.0150302 0.0158502
1520531232.504254 0.2533457 0.0583842 -0.3726178 -0.0036425 0.9844415 0.0961819 0.1470056
1520531232.654260 0.3015772 -0.0213075 -0.3757056 0.0489100 0.9809936 0.0464984 0.1819267
1520531232.804266 0.3070758 -0.1340767 -0.3975996 0.0769821 0.9787637 0.0122594 0.1895919
1520531235.454116 -0.1567764 0.0781597 -0.4295091 -0.0412676 0.9922431 0.0427767 0.1091821
