1520530731.500021 0.0000000 0.0000000 0.0000000 0.0000000 0.0000000 0.0000000 1.0000000
1520530749.551299 -0.4255382 -0.0591230 -0.1198208 -0.1652211 0.0707909 0.3028871 0.9359220
1520530749.601300 -0.4074993 -0.0616403 -0.1140306 -0.1334668 0.1482608 0.2928837 0.9351067
1520530749.701303 -0.3624936 -0.0695098 -0.1062930 -0.0785639 0.2842567 0.2256772 0.9284911
1520530751.701711 0.3580717 -0.0810418 0.0496454 -0.1233929 0.3827680 -0.2151920 0.8899187
1520530751.751712 0.3699159 -0.0865400 0.0581644 -0.1175295 0.3408703 -0.2298970 0.9039589
1520530751.851716 0.3862344 -0.0912118 0.0757649 -0.1074246 0.2377952 -0.2188973 0.9402113
1520530753.051907 0.7048957 -0.0515052 0.1110676 -0.1262700 0.5185382 -0.0384015 0.8448073
1520530753.101908 0.7140608 -0.0641861 0.1124094 -0.1137808 0.5038288 -0.0910843 0.8514189
1520530753.151909 0.7209560 -0.0754096 0.1154528 -0.0991329 0.4768233 -0.1395233 0.8621749
1520530818.503834 -0.0412735 -0.0087874 -0.8410611 -0.0482910 0.8644491 0.0056507 0.5003637
1520530826.153939 -0.2328668 0.0083741 -0.7949382 -0.0635096 0.9267412 0.0219862 0.3696403
1520530833.804356 -0.3113670 -0.0124711 -0.8309081 -0.0685389 0.9344034 -0.0177643 0.3491091
1520530833.904359 -0.2496525 -0.0051537 -0.8490209 -0.0696343 0.9181023 -0.0125111 0.3899778
1520530834.154367 -0.0902303 -0.0045795 -0.8629206 -0.0601210 0.8483067 0.0055488 0.5260517
1520530834.254153 -0.0280664 -0.0070961 -0.8555644 -0.0537459 0.8223217 0.0076493 0.5664274
1520530845.454555 0.4954959 0.0287977 0.4493984 -0.0455795 -0.3454779 -0.0267193 0.9369384
1520530845.904449 0.2670773 0.0273384 0.4986094 -0.0435591 -0.4964132 -0.0208086 0.8667431
1520530846.204301 0.0940848 0.0385907 0.4821047 -0.0550888 -0.6012675 -0.0005955 0.7971463
1520530846.953995 -0.2870829 0.0249432 0.3648711 -0.0498594 -0.7298363 -0.0093559 0.6817371
1520530847.104001 -0.3608041 0.0305463 0.3394609 -0.0517859 -0.7517691 -0.0172544 0.6571634
1520530847.204006 -0.4128735 0.0349386 0.3133978 -0.0560240 -0.7695539 -0.0117585 0.6360108
1520530850.204248 0.2842789 -0.0323184 -0.7188555 -0.0496208 0.8051550 -0.0010107 0.5909840
1520530850.354254 0.3642953 -0.0357376 -0.7038105 -0.0489185 0.7825475 -0.0149131 0.6204869
1520530850.804303 0.5990379 -0.0234120 -0.5983204 -0.0622530 0.6430858 -0.0003517 0.7632595
1520530851.604328 0.8408343 -0.0016207 -0.2344400 -0.0696873 0.3916411 -0.0190462 0.9172776
1520530857.804659 0.3410093 -0.0089452 -0.6622745 -0.0771655 0.7030854 0.0237505 0.7065071
1520530858.254703 0.5810403 -0.0203506 -0.5762494 -0.0624600 0.6291378 0.0214846 0.7744823
1520530858.554584 0.7186899 -0.0132437 -0.4648510 -0.0608997 0.5036303 0.0293298 0.8612708
1520530858.704607 0.7633684 -0.0126017 -0.3951778 -0.0844284 0.4420385 0.0244438 0.8926793
1520530859.004616 0.8467853 0.0043617 -0.2550616 -0.0987183 0.3602620 -0.0232965 0.9273205
1520530859.304599 0.8844386 0.0031194 -0.1048572 -0.1060379 0.2543685 -0.0263907 0.9609143
1520530859.854543 0.7959720 0.0245681 0.1795844 -0.1055462 -0.0855780 -0.0375357 0.9900139
1520530859.954868 0.7603930 0.0300780 0.2206880 -0.1032099 -0.1378153 -0.0480867 0.9838914
1520530860.054872 0.7244698 0.0343624 0.2618567 -0.0988397 -0.1724347 -0.0543637 0.9785405
1520530860.405015 0.5793177 0.0274423 0.3760875 -0.0801231 -0.3107310 -0.0621210 0.9450754
1520530860.555020 0.4972854 0.0398836 0.4074357 -0.0824806 -0.3809904 -0.0728694 0.9180051
1520530860.705025 0.4110762 0.0468910 0.4275151 -0.0824994 -0.4598571 -0.0660243 0.8816836
1520530861.154862 0.1540672 0.0513701 0.4063641 -0.0637354 -0.6420254 -0.0846724 0.7593233
1520530861.304709 0.0727863 0.0471169 0.3894898 -0.0678687 -0.6755408 -0.0949325 0.7280290
1520530861.704571 -0.1333529 0.0514380 0.3039956 -0.0497572 -0.7607892 -0.0848958 0.6414958
1520530861.804574 -0.1844355 0.0513865 0.2743534 -0.0400203 -0.7840495 -0.0852722 0.6135092
1520530862.004641 -0.2695577 0.0445585 0.1962897 -0.0410983 -0.8469115 -0.1054603 0.5195477
1520530862.204647 -0.3443691 0.0539964 0.1070160 0.0213044 0.8862671 0.1118454 -0.4489625
1520530862.404807 -0.4128657 0.0579419 0.0140464 0.0300513 0.9096344 0.1147644 -0.3981097
1520530862.504810 -0.4436598 0.0508624 -0.0285393 0.0269036 0.9141445 0.1248500 -0.3847448
1520530862.604814 -0.4733647 0.0357633 -0.0709717 0.0188913 0.9239894 0.1178653 -0.3633105
1520530866.105678 -0.3382494 0.0695538 -0.4165608 0.0341670 0.9207906 0.2591149 -0.2895458
1520530866.205681 -0.3824484 0.0189461 -0.3980123 -0.0080216 0.9121547 0.2303198 -0.3389134
1520530866.305685 -0.4064875 -0.0490968 -0.3970713 -0.0876987 0.9141387 0.1574186 -0.3631512
1520530866.704824 -0.2641169 -0.2263443 -0.4811610 -0.2013979 0.9464327 -0.2242368 -0.1158535
1520530867.404049 0.2322061 0.0226513 -0.3896973 -0.0307558 0.8694160 0.2432397 0.4289573
1520530867.504052 0.2808646 0.0234462 -0.3529026 -0.0155567 0.8334734 0.2857519 0.4726794
1520530867.604055 0.3150173 -0.0054325 -0.3302068 0.0133757 0.8113349 0.2811023 0.5123849
1520530869.804111 -0.1957407 -0.2469919 -0.4828677 -0.0894889 0.9408316 -0.2897008 -0.1513312
1520530870.004117 -0.0885083 -0.2125620 -0.5088322 0.0103367 0.9602471 -0.2774325 -0.0291530
1520530872.854152 -0.0974379 -0.1672918 -0.5085114 -0.4709983 0.8714226 -0.1105976 0.0809403
1520530872.954156 -0.0765449 -0.1422418 -0.5010897 -0.4727446 0.8636107 -0.0708737 0.1602065
1520530873.004157 -0.0660161 -0.1261264 -0.4951374 -0.4416739 0.8727269 -0.0459468 0.2028815
1520530873.554879 -0.0016363 -0.0589466 -0.4432651 0.2333006 0.9401307 0.1386630 0.2061495
1520530873.654882 -0.0308198 -0.0517453 -0.4527209 0.2922671 0.9427467 0.1275779 0.0976344
1520530873.754885 -0.0741300 -0.0428756 -0.4633554 0.2721472 0.9577997 0.0910911 -0.0160662
1520530875.154337 0.0586503 -0.0010476 -0.4110109 -0.0608580 0.9879178 -0.1164166 0.0822303
1520530875.254340 0.0745105 -0.0001566 -0.4028439 -0.0565231 0.9885257 -0.1155273 0.0792182
1520530875.404345 0.1010302 0.0018242 -0.3931507 -0.0561169 0.9889000 -0.0977362 0.0968265
