1520530962.850152 0.0000191 0.0000057 -0.0000302 0.0000007 -0.0000225 -0.0000047 1.0000000
1520530972.051132 0.6680840 0.0096568 -0.0531070 -0.1102573 0.0713650 -0.0891078 0.9873248
1520530972.101133 0.6827683 -0.0038701 -0.0547380 -0.1014344 0.0754095 -0.1220321 0.9844453
1520530972.151135 0.6926852 -0.0198412 -0.0538806 -0.0867142 0.0742456 -0.1536046 0.9815161
1520530978.850921 0.3420846 -0.1898801 0.0624741 -0.0086438 0.2049697 -0.3725502 0.9050519
1520530978.950455 0.3248807 -0.1855838 0.0778889 -0.0286548 0.1440989 -0.3973995 0.9058079
1520530979.050459 0.3102885 -0.1806475 0.0932552 -0.0265317 0.1055198 -0.3559251 0.9281589
1520530989.001146 0.2987698 -0.0474490 0.3761306 0.1189948 -0.0462449 0.0324786 0.9912854
1520530996.652011 0.2587717 0.0028940 0.5142393 0.0248912 -0.0208506 0.0506028 0.9981909
1520531019.752139 0.0894716 -0.0013706 0.1855510 0.0327927 0.1734233 0.0436468 0.9833331
1520531019.902428 0.1464233 -0.0009272 0.1229179 0.0412346 0.2561608 0.0363488 0.9650700
1520531020.202437 0.2313005 0.0026874 -0.0373849 0.0345563 0.5164967 0.0263449 0.8551859
1520531020.602066 0.2664718 0.0014506 -0.2599623 0.0056460 0.8801609 0.0320644 0.4735576
1520531020.652212 0.2632944 0.0016000 -0.2866942 -0.0018010 0.9141373 0.0363645 0.4037665
1520531069.505922 0.4409820 -0.0197247 -0.8770140 -0.0596990 0.9896140 -0.0008981 0.1307644
1520531069.705592 0.5510379 -0.0318464 -0.8622900 -0.0739623 0.9806015 -0.0186774 0.1805584
1520531070.005602 0.7330437 -0.0286887 -0.8272106 -0.0697979 0.9607508 -0.0228090 0.2675179
1520531070.454935 0.9796228 -0.0376503 -0.6882923 -0.0562882 0.9072973 -0.0438744 0.4143892
1520531072.854357 0.7480707 -0.0104558 0.4989258 -0.0224417 0.0527433 -0.0958683 0.9937423
1520531074.054435 0.0827483 -0.0087363 0.5163562 0.0005502 -0.2859138 -0.0820385 0.9547369
1520531074.154438 0.0333513 -0.0180012 0.5063341 0.0165582 -0.2935259 -0.0695856 0.9532713
1520531074.304451 -0.0430137 -0.0188873 0.4870743 0.0232064 -0.3255632 -0.0728939 0.9424206
1520531074.604404 -0.2026484 -0.0097725 0.4146476 0.0312215 -0.4288888 -0.0685351 0.9002125
1520531074.854411 -0.3064737 -0.0143427 0.3147590 0.0414350 -0.5290020 -0.0656479 0.8450624
1520531074.954415 -0.3441646 -0.0095558 0.2703892 0.0612185 -0.5504849 -0.0585187 0.8305385
1520531075.054242 -0.3783058 -0.0077572 0.2243299 0.0743197 -0.5746559 -0.0563462 0.8130635
1520531075.154244 -0.4050678 -0.0097047 0.1765040 0.0639548 -0.5943149 -0.0626613 0.7992329
1520531075.654165 -0.4995998 0.0005885 -0.0981191 0.0784535 -0.7251725 -0.0489395 0.6823304
1520531075.754168 -0.5050590 -0.0025641 -0.1593960 0.0756330 -0.7612905 -0.0507188 0.6419844
1520531075.804170 -0.5038031 -0.0038879 -0.1909785 0.0680309 -0.7827646 -0.0566794 0.6159860
1520531076.004274 -0.4823347 -0.0030407 -0.3110012 0.0728901 -0.8327760 -0.0551811 0.5460095
1520531076.204281 -0.4466204 -0.0013691 -0.4243903 -0.0908439 0.8637987 0.0495145 -0.4930999
1520531076.304228 -0.4214674 -0.0090417 -0.4754558 -0.0878800 0.8733972 0.0457979 -0.4768198
1520531076.404231 -0.3905619 -0.0192933 -0.5244527 -0.0888705 0.8908615 0.0259752 -0.4447393
1520531076.804120 -0.1975698 -0.0098175 -0.7141957 -0.1059133 0.9664292 0.0168701 -0.2334789
1520531076.904123 -0.1336814 -0.0078797 -0.7480333 -0.0881204 0.9837349 0.0364833 -0.1522152
1520531077.004126 -0.0708991 -0.0100743 -0.7701226 -0.0915363 0.9904515 0.0378886 -0.0958722
1520531077.104606 -0.0077952 -0.0099528 -0.7903943 -0.0907194 0.9944693 0.0211222 -0.0485256
1520531077.204650 0.0545349 -0.0054615 -0.8076763 -0.0878262 0.9959975 0.0108339 -0.0125710
1520531077.354614 0.1454275 -0.0026109 -0.8265369 -0.1002620 0.9945497 0.0057893 0.0280164
1520531077.505889 0.2294994 -0.0109562 -0.8376645 -0.1029721 0.9934028 0.0065520 0.0500479
1520531077.655894 0.3153774 -0.0146620 -0.8471940 -0.1096269 0.9891925 -0.0069298 0.0971190
1520531077.805899 0.4090958 -0.0081421 -0.8545916 -0.0981580 0.9852206 -0.0120112 0.1398613
1520531077.905875 0.4713554 -0.0067369 -0.8558505 -0.0936218 0.9810858 -0.0109692 0.1690716
1520531078.155883 0.6177860 -0.0195599 -0.8329463 -0.0811955 0.9611753 -0.0032879 0.2637016
1520531078.405200 0.7591968 -0.0142962 -0.8006982 -0.0881843 0.9441944 -0.0371580 0.3151819
1520531078.804637 0.9588152 -0.0283067 -0.6998563 -0.0774140 0.9098974 -0.0317229 0.4063095
1520531078.954638 1.0366799 -0.0206385 -0.6427109 -0.0727121 0.8835667 -0.0330678 0.4614426
1520531079.054642 1.0834459 -0.0185938 -0.5991871 -0.0729049 0.8599676 -0.0337386 0.5039864
1520531079.354316 1.1902580 -0.0337541 -0.4265320 -0.0607397 0.7393693 -0.0288351 0.6699345
1520531079.454319 1.2165134 -0.0393404 -0.3623759 -0.0539263 0.7063121 -0.0457533 0.7043591
1520531079.604272 1.2441889 -0.0533903 -0.2597415 -0.0343048 0.6319807 -0.0641387 0.7715632
1520531079.754276 1.2507474 -0.0694362 -0.1643479 -0.0246341 0.5603169 -0.0517013 0.8262960
1520531079.904281 1.2411654 -0.0798966 -0.0773674 -0.0032427 0.4808201 -0.0508327 0.8753385
1520531080.154228 1.1981473 -0.0764854 0.0709002 -0.0231698 0.3413399 -0.0280188 0.9392365
1520531080.304232 1.1567686 -0.0751317 0.1486728 -0.0547937 0.2498068 -0.0337297 0.9661555
1520531080.453993 1.1008424 -0.0725264 0.2142985 -0.0463949 0.1634337 -0.0283263 0.9850556
1520531080.603958 1.0440862 -0.0637740 0.2728760 -0.0431599 0.1038124 -0.0404756 0.9928353
1520531080.804645 0.9595262 -0.0545741 0.3424530 -0.0453673 0.0214071 -0.0485897 0.9975583
1520531081.054653 0.8475853 -0.0510958 0.4074481 -0.0290946 -0.0503325 -0.0640746 0.9962503
1520531081.204850 0.7695345 -0.0419639 0.4448032 -0.0304812 -0.0915715 -0.0650188 0.9932060
1520531081.504860 0.5993924 -0.0450623 0.4960272 -0.0017884 -0.2008700 -0.0688343 0.9771949
1520531081.654700 0.5124151 -0.0439652 0.5001553 0.0060351 -0.2413770 -0.0697559 0.9679023
1520531081.804704 0.4238078 -0.0347249 0.4989283 0.0136235 -0.2847687 -0.0698597 0.9559502
1520531082.154592 0.2313136 -0.0352055 0.4648121 0.0021011 -0.3605976 -0.0767134 0.9295591
1520531082.404468 0.0868842 -0.0192943 0.4133149 0.0054648 -0.4384502 -0.0741146 0.8956777
1520531082.554473 0.0039543 -0.0202432 0.3686264 0.0191111 -0.5015988 -0.0657394 0.8623872
1520531082.704478 -0.0633575 -0.0215309 0.3080307 0.0231540 -0.5639997 -0.0703417 0.8224477
1520531082.854251 -0.1247472 -0.0131512 0.2414776 0.0350818 -0.6155185 -0.0722218 0.7840219
1520531083.004256 -0.1755337 -0.0068472 0.1647633 0.0423965 -0.6604791 -0.0642368 0.7468892
1520531083.404245 -0.2451591 -0.0233154 -0.0598319 0.0427542 -0.8006266 -0.0468256 0.5957990
1520531083.604329 -0.2481530 -0.0416110 -0.1793138 -0.0500254 0.8659852 0.0198365 -0.4971656
1520531083.804335 -0.2041624 -0.0857829 -0.2976192 -0.0693666 0.9316677 -0.0458087 -0.3536738
1520531086.954278 0.2050498 -0.1043417 -0.4738590 -0.3842496 0.9175784 0.0950775 -0.0369109
1520531087.904898 0.5376337 -0.0991737 -0.4981909 0.4012760 0.8864107 0.1749300 0.1505097
1520531088.704922 0.0973895 -0.0909693 -0.3790628 0.1345091 -0.7578733 -0.0466676 0.6366769
1520531088.804925 0.0824101 -0.1229590 -0.3829028 0.2252920 -0.7724037 -0.0530753 0.5914551
1520531088.904928 0.0839811 -0.1529037 -0.3977167 0.3019670 -0.7993565 -0.0574820 0.5162761
1520531089.204056 0.1775320 -0.1812902 -0.4808220 -0.4737788 0.8641158 0.0750542 -0.1523296
1520531089.254057 0.2044109 -0.1730290 -0.4929350 -0.4771297 0.8720323 0.0693184 -0.0842720
1520531089.404018 0.2929286 -0.1352410 -0.5181879 -0.4209167 0.8985339 0.0676244 0.1043692
1520531090.254687 0.5810258 -0.1276562 -0.5108132 0.3403836 0.9077011 0.1226161 0.2125628
1520531090.354690 0.5515934 -0.1231792 -0.5230971 0.3944495 0.8988837 0.1262417 0.1431108
1520531090.454693 0.5079660 -0.1092204 -0.5357288 0.4252717 0.8928534 0.1290349 0.0728482
1520531102.705028 0.2391273 -0.0083855 -0.4897836 0.0083919 0.9986552 0.0381742 -0.0340609
1520531103.104980 0.2447961 -0.0054966 -0.4918927 0.0096409 0.9990864 0.0334600 -0.0247760
1520531103.554977 0.2502554 -0.0029665 -0.4937066 0.0163307 0.9990625 0.0379376 -0.0129680
1520531103.704995 0.2541811 -0.0018906 -0.4941805 0.0155114 0.9989329 0.0427682 -0.0079603
