1520530308.299451 0.0000000 0.0000000 0.0000000 0.0000000 0.0000000 0.0000000 1.0000000
1520530332.700488 0.1636045 -0.1525248 0.0308790 0.0680069 0.0481069 -0.3470868 0.9341261
1520530332.800492 0.1150655 -0.1275171 0.0384697 0.0437623 -0.0479368 -0.3607877 0.9303866
1520530332.900164 0.0674092 -0.0888381 0.0380616 0.0101357 -0.1380279 -0.3333204 0.9326002
1520530346.351486 0.8402648 0.0439438 -0.4771012 0.1130071 0.9363581 0.0830728 -0.3218102
1520530347.151556 0.3961610 0.0351404 -0.7093308 -0.0807446 -0.7706369 -0.0499686 0.6301605
1520530353.551404 0.8365503 0.0514981 -0.5348579 0.1528098 0.9246888 0.0604645 -0.3434296
1520530354.501907 0.2943968 0.0405035 -0.7241400 -0.1209800 -0.7272958 -0.0145074 0.6754215
1520530354.551594 0.2615625 0.0433575 -0.7222671 -0.1208651 -0.7164175 -0.0040082 0.6871110
1520530354.651595 0.1943381 0.0477646 -0.7209440 -0.1222531 -0.7126489 0.0229509 0.6904050
1520530365.951546 -0.0475128 -0.0361621 0.5213953 -0.0583873 0.4173829 0.1172857 0.8992366
1520530366.051908 -0.0093734 -0.0540217 0.5687985 -0.0219557 0.4118200 0.1248277 0.9024081
1520530366.151911 0.0417560 -0.0818522 0.5976534 0.0203968 0.4352226 0.1233514 0.8915995
1520530370.551883 0.3883829 -0.1704157 -0.5243474 0.0643078 -0.1561364 -0.2321306 0.9579151
1520530370.751890 0.2839670 -0.1839815 -0.5534784 0.0471333 -0.1301519 -0.2437257 0.9599149
1520530370.951942 0.1811855 -0.1733337 -0.5698680 0.0501068 -0.0998437 -0.1555877 0.9814851
1520530384.002530 1.0829926 -0.0375356 0.2285536 -0.0431542 0.3032552 -0.0517250 0.9505254
1520530384.552437 0.9591117 0.0086201 0.4990606 -0.0692448 -0.1760099 0.1072136 0.9760793
1520530384.702442 0.8879827 0.0181421 0.5466575 -0.1063756 -0.2628517 0.1354965 0.9493334
1520530384.852858 0.8256561 0.0072910 0.5920656 -0.1011983 -0.3203788 0.0657797 0.9395687
1520530385.002916 0.7630886 -0.0145200 0.6405233 -0.0350173 -0.3692395 -0.0744836 0.9256825
1520530385.152867 0.6793996 -0.0411802 0.6815667 0.0470220 -0.4123420 -0.1763655 0.8925571
1520530385.302707 0.5717010 -0.0578980 0.6966328 0.1053898 -0.4804364 -0.2215961 0.8420030
1520530385.602716 0.3555549 -0.0120680 0.6082907 0.0967936 -0.6798516 -0.1837926 0.7033158
1520530385.752490 0.2828712 0.0407178 0.5332932 0.0371543 -0.7517998 -0.1822491 0.6326151
1520530385.902494 0.2267837 0.0730061 0.4495805 -0.0330702 -0.8109118 -0.1857455 0.5539197
1520530386.052544 0.1763746 0.0574447 0.3708143 0.0801430 0.8560141 0.1590766 -0.4852954
1520530386.202549 0.1169445 0.0093610 0.3130102 0.0907569 0.8929424 0.1072538 -0.4276841
1520530386.652764 -0.1476558 -0.0351016 0.3208670 0.0552180 0.8787777 0.0885951 -0.4656732
1520530387.252606 -0.4791815 -0.1509212 0.3575363 0.1314147 -0.8014861 -0.0856499 0.5770740
1520530387.352609 -0.5141990 -0.1797711 0.3160718 0.1640348 -0.8129105 -0.0684881 0.5545976
1520530387.452612 -0.5439444 -0.1873684 0.2622685 0.1821494 -0.8338604 -0.0701861 0.5163064
1520530387.552615 -0.5707202 -0.1697461 0.1981518 -0.1737934 0.8642623 0.0699146 -0.4668602
1520530389.552942 -0.2502072 -0.0832095 -0.7500149 -0.0894873 0.9699076 0.0162808 0.2258452
1520530389.652948 -0.1733611 -0.1059768 -0.7541030 -0.0764372 0.9551856 -0.0085867 0.2858393
1520530389.803445 -0.0525762 -0.1010998 -0.7361507 -0.0874236 0.9144462 -0.0199017 0.3946506
1520530392.403147 1.2188971 -0.1861750 -0.0803192 0.2325791 0.5823357 -0.1460235 0.7651597
1520530392.503151 1.2443894 -0.2167329 -0.0848611 0.2954935 0.5859485 -0.1972915 0.7283022
1520530392.602235 1.2711179 -0.2314752 -0.0875724 0.3217800 0.5979673 -0.2292813 0.6973686
1520530392.702237 1.3054771 -0.2325277 -0.0858110 0.3028614 0.6218455 -0.2218537 0.6872874
1520530393.102155 1.3896489 -0.0711168 -0.0672589 0.0006584 0.7630405 0.0690856 0.6426476
1520530393.302162 1.3534180 0.0059280 -0.0357680 -0.0973644 0.7862937 0.1650600 0.5873820
1520530393.402921 1.3333964 0.0126801 -0.0062069 -0.1255943 0.7823588 0.1785881 0.5833070
1520530393.502924 1.3134587 -0.0106232 0.0254235 -0.0927075 0.7883046 0.1360567 0.5928488
1520530402.903419 0.8032054 0.0112066 -0.5904823 0.1150768 0.9252281 0.0467175 -0.3585079
1520530403.202933 0.6720849 -0.1805418 -0.6162601 0.0321198 0.9368305 -0.1439424 -0.3171712
1520530403.302936 0.6127874 -0.2106754 -0.5913714 0.0052896 0.9232073 -0.1571393 -0.3506673
1520530403.402940 0.5406340 -0.2145619 -0.5535937 -0.0039385 0.8994129 -0.1576643 -0.4076553
1520530406.203573 -0.3504857 0.0372703 -0.5609994 0.0846858 0.9675404 0.1243449 -0.2030572
1520530406.403578 -0.4048264 -0.0695564 -0.6393957 0.0853058 0.9701334 0.0012353 -0.2270741
1520530406.703492 -0.5489148 -0.1186499 -0.6385063 0.0449178 0.9279926 -0.0774935 -0.3616723
1520530406.902692 -0.6205196 -0.0644792 -0.5642204 -0.0359110 -0.8581631 0.0161114 0.5118662
1520530407.052696 -0.6320372 -0.0162763 -0.4739792 -0.0592123 -0.7709613 -0.0208164 0.6337818
1520530407.102698 -0.6255308 0.0020472 -0.4380611 -0.0648793 -0.7324607 -0.0283487 0.6771176
1520530407.152699 -0.6098378 0.0202436 -0.4006007 -0.0742482 -0.6903941 -0.0360794 0.7187082
1520530411.103421 -0.1914493 -0.1530558 -0.3481530 -0.0156805 -0.3300081 0.0235910 0.9435530
1520530411.253426 -0.1687078 -0.1989872 -0.3528347 -0.0069908 -0.2834848 0.0468567 0.9578058
1520530411.403009 -0.1191500 -0.2003027 -0.3406488 -0.0067219 -0.2185614 0.0679636 0.9734304
1520530421.653613 0.5937788 0.0137624 0.3473176 0.0805068 0.5159892 0.1142983 0.8451093
1520530421.853618 0.6278909 -0.0537939 0.3817691 0.1223634 0.4879434 0.1102456 0.8571956
1520530422.053472 0.6844950 -0.0377358 0.3425390 0.1129976 0.5045224 0.0954809 0.8506303
1520530427.453595 -0.5237465 -0.0017643 0.1034557 -0.0282000 0.0932006 0.0842966 0.9916716
1520530427.653601 -0.5323801 0.0033767 0.1149446 -0.0426676 0.0686636 0.0875811 0.9928718
1520530427.803679 -0.4774420 0.0020596 0.1015519 -0.0184515 0.1459922 0.0967040 0.9843750
1520530429.053445 -0.4236151 0.0076968 -0.4871905 0.0511621 0.9580204 0.0240237 -0.2810733
1520530432.703550 0.9763319 -0.0030095 0.1930181 -0.0151414 0.0913082 0.0169673 0.9955630
1520530432.853554 1.0338227 -0.0089613 0.1502206 0.0057602 0.2783448 0.0261040 0.9601091
1520530434.903661 -0.2378056 0.0041164 0.2430506 -0.0279134 -0.5663210 -0.0044981 0.8236997
1520530435.053667 -0.2088242 -0.0015483 0.3016917 -0.0314518 -0.3748821 0.0164368 0.9263930
1520530435.303802 -0.1114476 0.0003507 0.2766299 -0.0267604 -0.0173735 0.0609623 0.9976300
1520530435.453807 -0.0481121 0.0054974 0.1937988 -0.0142603 0.1754967 0.0778369 0.9812946
1520530436.603963 -0.0970156 0.0378442 -0.5326574 -0.0124080 0.9663491 0.0830296 0.2431493
1520530438.104484 0.3590539 -0.0277231 0.0876594 0.0125278 -0.0144519 0.2065115 0.9782572
1520530438.254489 0.4602238 -0.0244689 0.0958442 0.0404536 0.1315649 0.2429647 0.9602199
1520530438.403621 0.5657553 0.0105453 0.0773578 0.0039484 0.3083453 0.2724386 0.9114191
1520530439.104398 0.8138045 0.0482662 -0.1196299 -0.0793521 0.7675403 0.0437736 0.6345620
1520530439.304657 0.8785965 0.0395297 -0.0994551 -0.0354521 0.7456662 0.0464074 0.6637555
1520530439.454661 0.9234716 0.0347069 -0.0803264 -0.0209698 0.7297755 0.0380737 0.6823037
1520530440.404112 0.8406048 0.0504958 -0.1198135 -0.0081153 0.9671951 0.1064119 0.2305304
1520530443.204385 0.4748169 0.0086688 -0.3260919 0.0670737 0.8722156 0.1397979 0.4638939
1520530443.404470 0.4337626 -0.0362180 -0.3560699 0.1313786 0.8596121 0.1346709 0.4750478
1520530443.704013 0.3239025 -0.0172474 -0.4132400 0.1444458 0.9212927 0.1425554 0.3317124
1520530444.605164 -0.2624546 0.1201593 -0.2024459 0.0276464 0.9022675 0.2967484 -0.3115920
1520530444.705167 -0.3207678 0.1060538 -0.1717358 0.0307804 0.8855445 0.2966145 -0.3562070
1520530444.905173 -0.4236224 0.0341807 -0.1488365 -0.0301237 0.8996572 0.1991446 -0.3873639
1520530445.054965 -0.4544725 -0.0404457 -0.1679610 -0.0966362 0.9337265 0.0859733 -0.3338035
1520530445.204970 -0.4251327 -0.0979067 -0.1980396 -0.1298452 0.9657553 -0.0176814 -0.2239294
1520530445.353892 -0.3471582 -0.1050939 -0.2214550 -0.1403611 0.9848750 -0.0548107 -0.0855321
1520530445.453896 -0.2737853 -0.0803595 -0.2208369 -0.1360878 0.9899213 -0.0304670 0.0246506
1520530448.653932 0.3108112 0.0814548 -0.1339609 -0.0472194 0.9978267 0.0372397 0.0269330
1520530449.003905 0.3051705 0.0868652 -0.1255449 -0.0557384 0.9975592 0.0414227 0.0072741
1520530449.203911 0.3034454 0.0912863 -0.1238978 -0.0484597 0.9973863 0.0533784 0.0047954
