1520530308.299451 0.0000000 0.0000000 0.0000000 0.0000000 0.0000000 0.0000000 1.0000000
1520530346.351486 0.9042677 0.0457645 -0.5154265 0.1132205 0.9364548 0.0825129 -0.3215978
1520530353.501402 0.9244782 0.0475238 -0.5532839 0.1432396 0.9319198 0.0625982 -0.3272451
1520530354.051745 0.6220830 0.0554366 -0.7602814 0.1548584 0.8701869 0.0353974 -0.4664125
1520530354.151896 0.5523653 0.0580087 -0.7816697 -0.1357038 -0.8514358 -0.0232778 0.5060630
1520530354.251899 0.4850893 0.0516483 -0.7917343 -0.1214329 -0.8211021 -0.0369529 0.5564889
1520530354.551594 0.2787577 0.0450668 -0.7802802 -0.1214305 -0.7159198 -0.0037709 0.6875313
1520530354.651595 0.2059990 0.0508718 -0.7788410 -0.1224310 -0.7124018 0.0236335 0.6906054
1520530354.751597 0.1354228 0.0441221 -0.7767000 -0.1113903 -0.7138066 0.0301432 0.6907704
1520530370.451940 0.4680405 -0.1781972 -0.5496619 0.0699154 -0.1739625 -0.1984581 0.9620100
1520530370.651887 0.3623905 -0.1955949 -0.5842857 0.0525800 -0.1376594 -0.2557079 0.9554573
1520530370.851892 0.2487288 -0.2000994 -0.6077461 0.0527905 -0.1155189 -0.2083063 0.9697819
1520530384.752443 0.9331332 0.0169345 0.6029439 -0.1142428 -0.2860899 0.1282526 0.9426836
1520530384.902860 0.8686132 0.0015063 0.6547282 -0.0818141 -0.3357322 0.0175091 0.9382344
1520530385.052864 0.7922892 -0.0271622 0.7061489 -0.0093552 -0.3837439 -0.1122182 0.9165480
1520530385.152867 0.7311734 -0.0462562 0.7335052 0.0459796 -0.4111759 -0.1768790 0.8930476
1520530385.252705 0.6566902 -0.0597430 0.7493815 0.0902535 -0.4504139 -0.2150573 0.8618190
1520530385.352709 0.5733348 -0.0634546 0.7459725 0.1157520 -0.5091896 -0.2229107 0.8231878
1520530385.452712 0.4893048 -0.0550431 0.7225934 0.1230053 -0.5775314 -0.2086584 0.7796081
1520530385.552715 0.4151421 -0.0311206 0.6792963 0.1079606 -0.6488980 -0.1894392 0.7289641
1520530385.702487 0.3279200 0.0249812 0.6016548 0.0634251 -0.7305301 -0.1797870 0.6557284
1520530386.002497 0.2054580 0.0716080 0.4265510 -0.0680582 -0.8412144 -0.1722761 0.5079836
1520530386.152547 0.1471314 0.0271781 0.3565545 0.0899039 0.8832348 0.1266132 -0.4424734
1520530386.302552 0.0692714 -0.0255041 0.3115764 0.1097414 0.9047143 0.0642205 -0.4066013
1520530387.202685 -0.4962145 -0.1405803 0.3996080 0.1120067 -0.7999064 -0.0958540 0.5817355
1520530387.302607 -0.5373802 -0.1823985 0.3646023 0.1499221 -0.8040291 -0.0758899 0.5703519
1520530387.402611 -0.5731729 -0.2019535 0.3145465 0.1749049 -0.8224568 -0.0671208 0.5370921
1520530387.502614 -0.6042700 -0.1963493 0.2492106 -0.1813347 0.8481976 0.0695484 -0.4927895
1520530387.602617 -0.6293240 -0.1612955 0.1774196 -0.1624990 0.8813203 0.0731824 -0.4376219
1520530389.602943 -0.2331531 -0.1075867 -0.8134326 -0.0814121 0.9634244 -0.0008632 0.2553131
1520530389.702847 -0.1490668 -0.1217247 -0.8101541 -0.0755182 0.9451690 -0.0127800 0.3174733
1520530389.803445 -0.0607336 -0.1114334 -0.7946507 -0.0872306 0.9145005 -0.0205110 0.3945363
1520530392.503151 1.3353556 -0.2394426 -0.0915941 0.2935900 0.5872967 -0.1984004 0.7276846
1520530392.652236 1.3840784 -0.2617995 -0.0966429 0.3165761 0.6101314 -0.2314730 0.6884326
1520530392.752239 1.4258906 -0.2475783 -0.0892759 0.2711357 0.6371608 -0.2011344 0.6928611
1520530392.852242 1.4657286 -0.2074413 -0.0845334 0.1766698 0.6806777 -0.1211708 0.7005593
1520530393.202159 1.4800265 -0.0298613 -0.0642597 -0.0517535 0.7863199 0.1146177 0.6048847
1520530393.302162 1.4584156 0.0042084 -0.0409372 -0.0973535 0.7869489 0.1650042 0.5865214
1520530393.452923 1.4247406 0.0024701 0.0084295 -0.1180184 0.7845615 0.1653354 0.5858320
1520530393.602927 1.3854867 -0.0602405 0.0582661 0.0105197 0.7915955 0.0416661 0.6095325
1520530393.752932 1.3066392 -0.1395491 0.0919445 0.1740566 0.7620757 -0.1201063 0.6119800
1520530398.503371 -0.2253873 -0.0439742 0.4549848 -0.0202917 0.1139645 0.1285977 0.9849178
1520530402.702577 0.8975254 0.1345562 -0.5123035 0.1392230 0.8837777 0.1591463 -0.4174044
1520530406.503485 -0.4882927 -0.1163873 -0.7061846 0.0815834 0.9627433 -0.0338113 -0.2555899
1520530406.603489 -0.5423557 -0.1355521 -0.7051557 0.0677903 0.9489846 -0.0637322 -0.3012821
1520530406.703492 -0.5977401 -0.1301451 -0.6874143 0.0447719 0.9280245 -0.0780409 -0.3614910
1520530407.002694 -0.6871878 -0.0354205 -0.5469505 -0.0536111 -0.8040465 -0.0104334 0.5920526
1520530407.052696 -0.6858530 -0.0178968 -0.5111695 -0.0592139 -0.7703125 -0.0201494 0.6345915
1520530407.152699 -0.6618993 0.0204980 -0.4324372 -0.0744881 -0.6892209 -0.0359968 0.7198127
1520530407.202701 -0.6371493 0.0408666 -0.3910024 -0.0872458 -0.6437963 -0.0423698 0.7590252
1520530407.303185 -0.5666983 0.0826642 -0.3112260 -0.1219566 -0.5494005 -0.0491705 0.8251472
1520530411.103421 -0.2102879 -0.1674378 -0.3773286 -0.0162070 -0.3287178 0.0235940 0.9439943
1520530411.253426 -0.1863283 -0.2162338 -0.3811764 -0.0069626 -0.2822052 0.0468292 0.9581851
1520530411.403009 -0.1311680 -0.2162272 -0.3686946 -0.0063702 -0.2177887 0.0681971 0.9735896
1520530416.053366 -0.3260809 0.1375448 -0.5571873 -0.0545557 0.8607960 0.0519668 0.5033422
1520530416.203371 -0.3635837 0.1025488 -0.5894510 -0.0580492 0.8682315 0.0193208 0.4923730
1520530416.353376 -0.3749894 0.0902698 -0.5781184 -0.0644028 0.8654115 0.0203179 0.4964900
1520530417.303376 -0.3511500 0.0059373 0.3387273 -0.0029448 0.5515463 0.1600415 0.8186420
1520530417.603466 -0.2916952 0.0135611 0.3168823 -0.0000564 0.5532203 0.1433253 0.8206127
1520530419.753734 0.2820248 -0.0067540 0.3371084 0.0750430 0.5655845 0.1404477 0.8091707
1520530421.753616 0.6541544 -0.0344620 0.4039752 0.1104568 0.4983001 0.1082333 0.8531013
1520530421.903620 0.6891080 -0.0648907 0.4088847 0.1200641 0.4892856 0.1089979 0.8569152
1520530422.053472 0.7364945 -0.0426285 0.3693532 0.1129020 0.5053995 0.0948347 0.8501946
1520530427.453595 -0.5667577 -0.0026571 0.1113237 -0.0284447 0.0935207 0.0841776 0.9916446
1520530427.653601 -0.5766738 0.0024648 0.1247115 -0.0429669 0.0693837 0.0871968 0.9928426
1520530432.603708 0.9899632 -0.0030353 0.2206934 -0.0163147 -0.0332505 0.0016411 0.9993125
1520530432.753551 1.0764377 -0.0078709 0.1962540 -0.0131688 0.1543764 0.0216802 0.9876865
1520530432.903556 1.1223934 -0.0124880 0.1391024 0.0153636 0.3413536 0.0277797 0.9393987
1520530435.103796 -0.2119282 -0.0027009 0.3356284 -0.0270091 -0.3048917 0.0260458 0.9516476
1520530435.303802 -0.1216615 -0.0013351 0.2990939 -0.0273453 -0.0170156 0.0607289 0.9976345
1520530439.604177 1.0255070 0.0373729 -0.0766629 -0.0124507 0.7383524 0.0337902 0.6734530
1520530440.054101 1.0099244 0.0588063 -0.1069615 -0.0162700 0.8981596 0.0885464 0.4303536
1520530440.204106 0.9757166 0.0581193 -0.1156912 -0.0123501 0.9333704 0.1030993 0.3435662
1520530440.503979 0.8611397 0.0530566 -0.1375971 -0.0049509 0.9795697 0.1010204 0.1738207
1520530443.354468 0.4809173 -0.0337225 -0.3742911 0.1189544 0.8587736 0.1344739 0.4798692
1520530443.504473 0.4347200 -0.0489360 -0.4083835 0.1468117 0.8747345 0.1294609 0.4433122
1520530443.654478 0.3706462 -0.0315309 -0.4403391 0.1474315 0.9118788 0.1314897 0.3597936
1520530444.555264 -0.2538137 0.1325662 -0.2364751 0.0234804 0.9103517 0.3015788 -0.2824158
1520530444.655166 -0.3183478 0.1217298 -0.1993585 0.0314495 0.8929967 0.2968298 -0.3368381
1520530444.805171 -0.4113675 0.0829123 -0.1640138 0.0120085 0.8867854 0.2624167 -0.3802696
1520530444.954962 -0.4792682 0.0091162 -0.1634208 -0.0546198 0.9104522 0.1602754 -0.3773662
1520530445.254972 -0.4378139 -0.1175666 -0.2233486 -0.1347794 0.9736305 -0.0408471 -0.1794706
1520530446.404906 0.2883231 -0.0228789 0.2662992 0.0767353 0.6605407 0.1178938 0.7374949
1520530446.604785 0.3495981 -0.0695422 0.1930608 0.1456711 0.7031319 0.0592051 0.6934553
1520530446.754789 0.3808444 -0.0695611 0.1081768 0.1517112 0.7667402 0.0376946 0.6226333
1520530448.303888 0.3401408 0.0804345 -0.1652937 -0.0465731 0.9966141 0.0624288 0.0263416
1520530448.903940 0.3307439 0.0874542 -0.1383958 -0.0565008 0.9978501 0.0320118 0.0088354
1520530449.053906 0.3287431 0.0898616 -0.1344656 -0.0554438 0.9973430 0.0470466 0.0044249
