1520531124.250447 0.0000000 0.0000000 0.0000000 0.0000000 0.0000000 0.0000000 1.0000000
1520531138.301693 0.0115782 -0.1157961 0.4443862 -0.0425168 0.1739699 -0.2371271 0.9548285
1520531138.351695 0.0230202 -0.1190332 0.4532179 -0.0444293 0.1206474 -0.2539535 0.9586333
1520531138.401491 0.0324357 -0.1242390 0.4597770 -0.0465169 0.0693491 -0.2647763 0.9606875
1520531147.001480 0.7074487 -0.0898305 -0.0000602 -0.0333148 0.3329110 -0.0639356 0.9401982
1520531147.051482 0.7170303 -0.0903503 -0.0200047 -0.0310452 0.3460620 -0.0682563 0.9352103
1520531147.201486 0.7251758 -0.0925701 -0.0559627 -0.0347177 0.2770956 -0.0705805 0.9576174
1520531148.551346 0.2257801 -0.1063320 -0.1906642 0.0999946 -0.2384303 -0.4650435 0.8466916
1520531148.651421 0.1795692 -0.1048123 -0.1783248 0.1066239 -0.2379340 -0.4986211 0.8266776
1520531148.851427 0.0836268 -0.0854786 -0.1514683 0.0819634 -0.2502323 -0.3917859 0.8815722
1520531148.901428 0.0573233 -0.0845675 -0.1457132 0.0675486 -0.2525758 -0.3391052 0.9036871
1520531149.751344 -0.3016745 -0.0516715 0.0169593 -0.0980629 -0.1054276 0.3731438 0.9165328
1520531149.951483 -0.3198186 -0.0549238 0.0835172 -0.0663341 -0.0991066 0.2838058 0.9514368
1520531150.051486 -0.3199194 -0.0481285 0.1183183 -0.0715043 -0.0966815 0.2140906 0.9693838
1520531152.752373 0.2159162 0.0871881 0.3841959 -0.1583218 0.4380018 0.0388950 0.8840678
1520531152.852376 0.2422780 0.0674962 0.3889750 -0.1370013 0.4618405 0.0377636 0.8755044
1520531153.102354 0.3043273 0.0230112 0.4041493 -0.0890374 0.4862413 0.0371067 0.8684842
1520531157.903195 1.1075683 0.2314311 0.1491356 -0.1632844 0.8324137 0.3630270 0.3855348
1520531158.053386 1.1242669 0.2248708 0.1102366 -0.1481888 0.8449122 0.3557553 0.3709470
1520531158.103388 1.1331693 0.2168097 0.0935543 -0.1350878 0.8548201 0.3431854 0.3650447
1520531161.802837 0.9302023 0.1556387 -0.6757041 0.0827686 0.9203678 0.2768391 -0.2635007
1520531162.102711 0.8662201 0.2199975 -0.6481728 0.1322502 0.8645712 0.3606139 -0.3240125
1520531162.152713 0.8537900 0.2260993 -0.6449164 0.1329568 0.8568085 0.3718190 -0.3315906
1520531163.002676 0.5291419 0.0920545 -0.7110534 -0.0819059 -0.8357697 -0.1461085 0.5229080
1520531163.102679 0.4887574 0.0571725 -0.7239952 -0.0601150 -0.8334222 -0.1049565 0.5392380
1520531163.152681 0.4695361 0.0378515 -0.7312031 -0.0524311 -0.8309299 -0.0816793 0.5478457
1520531164.051929 0.2778588 -0.2166196 -0.7512287 0.1305320 -0.7737530 0.2130920 0.5821163
1520531164.401593 0.2019270 -0.2672117 -0.7492272 0.1740914 -0.7578116 0.2574998 0.5736790
1520531164.451595 0.1925654 -0.2623307 -0.7521954 0.1746565 -0.7558588 0.2574181 0.5761150
1520531166.302876 -0.2504326 0.2247989 -0.6282864 -0.2635204 -0.5938050 -0.2698539 0.7107260
1520531166.402884 -0.2612723 0.2351365 -0.6163305 -0.2729777 -0.5864226 -0.2782854 0.7100344
1520531166.502882 -0.2706655 0.2467126 -0.6058875 -0.2905922 -0.5729106 -0.2898498 0.7094481
1520531167.702936 -0.6136813 0.0361840 -0.4117584 -0.0990408 -0.4441380 -0.0104795 0.8904058
1520531167.752937 -0.6229252 0.0243088 -0.3991404 -0.0875583 -0.4406138 0.0025097 0.8934129
1520531167.802938 -0.6335651 0.0116513 -0.3859183 -0.0723427 -0.4374430 0.0163926 0.8961816
1520531169.351789 -0.7537495 -0.0438904 -0.0118274 0.0277982 -0.1750681 0.0309565 0.9836769
1520531169.401790 -0.7530577 -0.0282804 -0.0041147 0.0085116 -0.1670028 0.0239897 0.9856278
1520531169.451792 -0.7534138 -0.0112603 0.0029202 -0.0124083 -0.1591535 0.0200885 0.9869714
1520531170.753179 -0.6418276 0.1977012 0.1689439 -0.3237607 0.0379199 -0.0151373 0.9452576
1520531170.853181 -0.6303159 0.1911608 0.1934562 -0.3368609 0.0468139 -0.0005186 0.9403898
1520531170.953185 -0.6179886 0.1797959 0.2270364 -0.3239176 0.0626644 0.0168253 0.9438578
1520531171.653105 -0.4364897 0.0024506 0.4342942 -0.0529355 0.2515135 0.0341408 0.9658018
1520531171.903113 -0.3557001 -0.0685989 0.4630404 0.0241226 0.2927388 0.0264121 0.9555231
1520531172.052767 -0.3032852 -0.1227445 0.4752790 0.0928015 0.3200991 -0.0046579 0.9428164
1520531172.102768 -0.2861011 -0.1398900 0.4779164 0.1092258 0.3300667 -0.0143289 0.9375075
1520531172.602372 -0.1558411 -0.2430171 0.4695447 0.2176296 0.4170148 -0.0840946 0.8784441
1520531174.303152 0.1874610 0.2049637 0.4742596 -0.3302428 0.5686587 0.2664306 0.7046855
1520531174.403337 0.2083947 0.2067603 0.4673161 -0.3299850 0.5735735 0.2617536 0.7025727
1520531174.503339 0.2340607 0.1999492 0.4616926 -0.3156355 0.5871773 0.2481251 0.7028734
1520531175.453557 0.5846038 -0.0072948 0.4728583 -0.0513488 0.7047632 0.0741649 0.7036843
1520531175.603102 0.6341897 -0.0647877 0.4701822 0.0142295 0.7100791 0.0258183 0.7035046
1520531175.753107 0.6774222 -0.1264977 0.4633170 0.0874997 0.7096957 -0.0377045 0.6980360
1520531176.202461 0.7840975 -0.2674217 0.4206942 0.2365321 0.6901753 -0.1887755 0.6573237
1520531176.352465 0.8090975 -0.3000579 0.4111988 0.2714833 0.6751501 -0.2283817 0.6467696
1520531176.652013 0.8923778 -0.2947063 0.3908462 0.2488265 0.6911020 -0.1976068 0.6491648
1520531177.402093 1.1315002 -0.0572307 0.2935864 -0.0146572 0.7898458 0.0547679 0.6106793
1520531177.602100 1.1573563 0.0175812 0.2603624 -0.0631382 0.8021573 0.1386040 0.5773614
1520531177.753078 1.1690748 0.0658887 0.2273112 -0.0984577 0.8109476 0.1923786 0.5437468
1520531179.053320 1.2776802 -0.0659989 -0.2151594 0.0256674 0.9598236 0.0357796 0.2771274
1520531179.153323 1.2815225 -0.1055480 -0.2437518 0.0439995 0.9659135 -0.0060137 0.2550274
1520531179.253327 1.2797267 -0.1418913 -0.2676330 0.0552820 0.9691743 -0.0568211 0.2332734
1520531179.801971 1.2352595 -0.2618995 -0.3694285 0.0984127 0.9423493 -0.2775854 0.1588685
1520531179.951977 1.2194483 -0.2849334 -0.4079560 0.1048886 0.9330250 -0.3141260 0.1406685
1520531180.001978 1.2171341 -0.2905672 -0.4231766 0.1018061 0.9337923 -0.3160109 0.1334339
1520531180.151860 1.2036113 -0.2835523 -0.4730728 0.0807839 0.9428850 -0.3022006 0.1145281
1520531180.751833 1.1087089 -0.1193993 -0.6606604 0.0480346 0.9972971 -0.0500923 -0.0241238
1520531180.901837 1.0867367 -0.0646256 -0.7012638 0.0559429 0.9964160 0.0121043 -0.0622809
1520531181.052137 1.0622648 -0.0107780 -0.7279347 0.0594585 0.9893407 0.0773772 -0.1080853
1520531185.903688 0.8532040 0.2155949 -0.5154819 -0.4404348 -0.2824181 -0.1450513 0.8397722
1520531186.053730 0.8569427 0.1931490 -0.4722072 -0.4168951 -0.2921441 -0.1556932 0.8465282
1520531186.203697 0.8525558 0.1532039 -0.4182438 -0.3527217 -0.3142447 -0.1570302 0.8672827
1520531188.953538 0.8755504 0.2066530 0.2063128 -0.2832257 -0.6528472 -0.3771566 0.5927281
1520531189.103771 0.8560666 0.1931170 0.2471899 -0.2621742 -0.6754287 -0.3763930 0.5773985
1520531189.303833 0.7959419 0.1522122 0.2726945 -0.2094945 -0.7262936 -0.3197373 0.5712948
1520531192.303334 -0.0021000 0.1569956 0.2919765 0.0131465 0.9319072 0.3562859 -0.0666069
1520531192.653741 -0.1005252 0.1521065 0.2906113 0.0060104 0.9368616 0.3488826 -0.0231317
1520531192.804112 -0.1437129 0.1139124 0.2568747 0.0016962 0.9596904 0.2809941 -0.0058149
1520531195.654121 -0.4888159 0.2322622 -0.2668171 -0.1982813 0.7988214 0.3603421 0.4390015
1520531195.804212 -0.4896792 0.2333896 -0.3074293 -0.2325369 0.7777637 0.3527665 0.4653667
1520531196.004131 -0.4538541 0.2054338 -0.3598827 -0.2094743 0.7718629 0.3028408 0.5183007
1520531198.853259 0.2820731 0.1394101 -0.5871923 -0.2473069 0.3171085 0.0478160 0.9143277
1520531199.103644 0.3472082 0.1838368 -0.6172698 -0.3266017 0.2611552 0.0502128 0.9069774
1520531199.303651 0.3961551 0.2008959 -0.6368259 -0.3702454 0.2199927 0.0526943 0.9009688
1520531205.003084 0.4654366 -0.2444637 0.3303989 0.1717697 -0.7578970 0.2008316 0.5964511
1520531205.152830 0.4344528 -0.2598649 0.3248863 0.1724995 -0.7940876 0.2175891 0.5406697
1520531205.252833 0.4144614 -0.2565246 0.3157058 -0.1393342 0.8406667 -0.2132732 -0.4778912
1520531206.354622 0.2390901 -0.1406736 0.2683712 0.3549045 0.9313255 -0.0349154 0.0738681
1520531206.554628 0.1756314 -0.1108762 0.2657577 0.3817594 0.9207882 0.0397292 0.0695020
1520531206.804459 0.0539037 -0.0799705 0.2624967 0.3483324 0.9303759 0.0915885 -0.0683864
1520531207.154202 -0.1372782 -0.0670688 0.2887810 0.2018175 0.8940781 0.0633936 -0.3948106
1520531207.304136 -0.2001002 -0.0702277 0.3055046 0.1445083 0.8582793 0.0642870 -0.4882020
1520531207.454141 -0.2614714 -0.0871677 0.3196466 -0.0675936 -0.8362715 -0.0450518 0.5422652
1520531207.753884 -0.3471219 -0.1433070 0.3164774 0.1213857 -0.8491707 0.0291485 0.5131519
1520531208.053371 -0.3883744 -0.1555451 0.2611168 -0.2168970 0.9145012 -0.0564007 -0.3368414
1520531208.103373 -0.3926063 -0.1554136 0.2486997 -0.2178476 0.9259927 -0.0647497 -0.3014753
1520531208.203376 -0.3979799 -0.1523083 0.2255177 -0.2057635 0.9476120 -0.0783409 -0.2314206
1520531208.303635 -0.4038474 -0.1479345 0.2032433 -0.1891499 0.9660209 -0.0873888 -0.1529347
1520531210.754340 -0.6864452 0.0349432 -0.3483899 0.0151498 0.9635818 0.1339773 0.2309344
1520531210.904312 -0.6736595 0.0056866 -0.4011328 0.0532834 0.9659879 0.0666417 0.2441046
1520531211.054317 -0.6555128 -0.0580788 -0.4494806 0.1035304 0.9515846 -0.0738349 0.2798510
1520531211.602862 -0.5696371 -0.1883028 -0.5193496 0.2371676 0.8170819 -0.3098067 0.4244390
1520531211.752866 -0.5275195 -0.1907019 -0.5320095 0.2576922 0.7801411 -0.3127350 0.4766250
1520531211.902871 -0.4727799 -0.1875404 -0.5395843 0.2667734 0.7349097 -0.2948459 0.5493684
1520531217.504530 0.9311053 -0.0249165 -0.4572273 0.0528261 0.9570956 0.1229139 0.2570400
1520531217.654536 0.9115191 -0.0885444 -0.4704758 0.0934107 0.9657363 0.0774390 0.2294147
1520531217.803973 0.8466675 -0.1352844 -0.4906798 0.1379005 0.9744254 0.0163883 0.1766638
1520531219.653554 -0.0181008 -0.2132020 -0.6357991 -0.3363817 0.9278748 -0.1253046 -0.1009678
1520531228.954387 0.1197961 -0.1846422 -0.5283856 -0.4440018 0.8878001 -0.0594918 0.1055182
1520531229.054390 0.1281841 -0.1837753 -0.5287623 -0.5304297 0.8330425 -0.0879755 0.1301724
1520531229.154394 0.1329772 -0.1866904 -0.5268276 -0.5305924 0.8348417 -0.0740678 0.1265898
1520531229.203760 0.1325741 -0.1873562 -0.5264521 -0.4951663 0.8583368 -0.0571924 0.1216440
1520531231.255740 0.1268355 -0.0867197 -0.8996112 0.0460876 0.9984515 -0.0256101 -0.0177394
1520531231.405746 0.1208292 -0.0630675 -0.8687738 0.0336774 0.9993645 -0.0035951 -0.0111142
1520531231.555749 0.1204644 -0.0342833 -0.8066646 0.0284730 0.9995864 -0.0026881 -0.0030196
1520531231.706091 0.1258473 -0.0015629 -0.7195844 0.0174818 0.9998142 -0.0067631 0.0044987
1520531232.853925 0.3724817 -0.1430906 -0.3751186 0.0871675 0.9785124 -0.0010843 0.1868531
1520531233.053931 0.2798811 -0.2642162 -0.4194345 0.0792058 0.9791953 -0.0543308 0.1787488
1520531233.303613 0.0927231 -0.3281377 -0.4694622 0.0303353 0.9887809 -0.0740881 0.1261078
1520531233.553621 -0.1101791 -0.2727802 -0.5019581 -0.0251788 0.9990578 -0.0349420 0.0053581
1520531233.703610 -0.2084556 -0.1987434 -0.5029777 -0.0594204 0.9934829 0.0251847 -0.0939497
1520531233.853615 -0.2552919 -0.1123709 -0.4910958 -0.0779350 0.9811776 0.0757286 -0.1596303
1520531234.003620 -0.2573610 -0.0469977 -0.4817916 -0.0719191 0.9788583 0.0783295 -0.1747244
1520531234.353941 -0.1616947 0.0397176 -0.4560525 0.0046532 0.9943653 0.0676324 -0.0814975
