1520530962.850152 0.0000017 0.0000042 0.0000146 0.0000011 0.0000082 0.0000006 1.0000000
1520530972.101133 0.7775775 -0.0102649 -0.0621990 -0.1039484 0.0748257 -0.1221972 0.9842072
1520530972.151135 0.7888443 -0.0280932 -0.0615185 -0.0893056 0.0735048 -0.1539957 0.9812782
1520530972.251138 0.7928350 -0.0646269 -0.0547180 -0.0477433 0.0548858 -0.2169859 0.9734604
1520530975.501283 0.0221100 -0.0535882 0.0644093 -0.2257681 -0.0505432 0.4493282 0.8628895
1520530975.751375 0.1675979 -0.0507838 0.0702215 -0.0753467 0.2773529 0.4462602 0.8474963
1520530977.550867 0.0956462 -0.0752733 0.1165590 -0.1722328 0.0294249 0.3765033 0.9097886
1520530978.301441 0.4362977 -0.1147016 0.0196196 -0.0219617 0.4880303 0.0418724 0.8715451
1520530978.900923 0.3776425 -0.2178306 0.0802823 -0.0221183 0.1729010 -0.3911861 0.9036534
1520530979.000457 0.3602532 -0.2117399 0.0969031 -0.0330850 0.1201424 -0.3858054 0.9141255
1520530979.100460 0.3443537 -0.2036058 0.1139272 -0.0184043 0.0963612 -0.3168861 0.9433764
1520530989.301391 0.4715870 -0.0405235 0.4600511 0.0711784 0.0357943 0.0247501 0.9965138
1520530996.902018 0.4864093 -0.0087191 0.5784954 0.0354834 0.0811380 0.0244535 0.9957709
1520531019.852426 0.1451066 -0.0036388 0.1653769 0.0386113 0.2238666 0.0373327 0.9731388
1520531020.152435 0.2507125 -0.0033660 -0.0122867 0.0344575 0.4784950 0.0265253 0.8770129
1520531020.652212 0.2992365 -0.0041000 -0.3241675 -0.0026147 0.9145468 0.0336491 0.4030694
1520531068.803977 0.0023294 -0.0272918 -0.9574508 -0.0709361 0.9825204 -0.0079083 -0.1719278
1520531069.355917 0.3993587 -0.0198559 -1.0079559 -0.0610125 0.9929798 0.0053759 0.1011916
1520531069.805596 0.6924314 -0.0423659 -0.9683664 -0.0777895 0.9742967 -0.0186626 0.2105861
1520531072.754354 0.9119678 -0.0118170 0.5456029 -0.0281102 0.0826443 -0.0960883 0.9915376
1520531073.804428 0.2463969 -0.0122631 0.6170557 0.0022870 -0.2490341 -0.0873843 0.9645417
1520531074.104437 0.0654090 -0.0164927 0.5812970 0.0022539 -0.2893737 -0.0732808 0.9544044
1520531074.254450 -0.0180823 -0.0255932 0.5627731 0.0272674 -0.3099215 -0.0728317 0.9475762
1520531074.404454 -0.1103183 -0.0127749 0.5328124 0.0112698 -0.3588529 -0.0714085 0.9305903
1520531074.504457 -0.1732936 -0.0093208 0.5048404 0.0213559 -0.3963594 -0.0631491 0.9156721
1520531074.604404 -0.2300311 -0.0128512 0.4713364 0.0294120 -0.4290217 -0.0678683 0.9002606
1520531074.954415 -0.3916459 -0.0139501 0.3068270 0.0593294 -0.5504410 -0.0577097 0.8307613
1520531075.054242 -0.4304709 -0.0119264 0.2542567 0.0725439 -0.5745694 -0.0551101 0.8133697
1520531075.154244 -0.4607860 -0.0136481 0.2000190 0.0625779 -0.5942681 -0.0613700 0.7994768
1520531075.454162 -0.5325855 -0.0139394 0.0208956 0.0743128 -0.6702288 -0.0610141 0.7358996
1520531075.654165 -0.5678731 -0.0035751 -0.1123620 0.0770217 -0.7254125 -0.0466029 0.6824020
1520531075.754168 -0.5741751 -0.0069773 -0.1825362 0.0749809 -0.7613052 -0.0479530 0.6422560
1520531075.804170 -0.5729804 -0.0086590 -0.2179393 0.0672269 -0.7832485 -0.0538210 0.6157155
1520531075.904271 -0.5629001 -0.0099896 -0.2857483 0.0598079 -0.8111035 -0.0626355 0.5784557
1520531076.054276 -0.5405749 -0.0073832 -0.3867443 0.0783654 -0.8413385 -0.0505289 0.5324052
1520531076.354229 -0.4624110 -0.0232813 -0.5685855 -0.0858176 0.8817250 0.0328671 -0.4627268
1520531076.454232 -0.4225742 -0.0327566 -0.6240490 -0.0877023 0.9026598 0.0211331 -0.4207933
1520531076.554236 -0.3725430 -0.0317902 -0.6815844 -0.0835591 0.9280425 0.0217360 -0.3623293
1520531076.754118 -0.2568946 -0.0211326 -0.7871535 -0.0997141 0.9589755 0.0090555 -0.2652189
1520531077.054604 -0.0458243 -0.0210799 -0.8857653 -0.0895771 0.9930091 0.0285065 -0.0713879
1520531077.154608 0.0258105 -0.0180571 -0.9075501 -0.0913123 0.9953206 0.0120498 -0.0292192
1520531077.254610 0.0956942 -0.0138482 -0.9251465 -0.0886771 0.9960535 0.0031578 0.0019497
1520531077.404615 0.1973718 -0.0133523 -0.9424452 -0.0981274 0.9944293 0.0148932 0.0354915
1520531077.555891 0.2919812 -0.0259945 -0.9551568 -0.1083253 0.9920748 -0.0083363 0.0631161
1520531077.705895 0.3924721 -0.0236384 -0.9647119 -0.1062117 0.9880233 -0.0065363 0.1117426
1520531077.855900 0.4993179 -0.0178039 -0.9721414 -0.0940900 0.9836776 -0.0168511 0.1524519
1520531078.005878 0.6040704 -0.0220068 -0.9664144 -0.0887167 0.9740182 0.0005150 0.2083693
1520531078.155883 0.7018303 -0.0320859 -0.9460823 -0.0818838 0.9613645 -0.0056352 0.2627576
1520531078.455201 0.8929479 -0.0245603 -0.8985363 -0.0891255 0.9401076 -0.0358736 0.3270587
1520531078.605206 0.9777868 -0.0333009 -0.8600299 -0.0794340 0.9369636 -0.0238226 0.3394435
1520531078.754632 1.0591959 -0.0425877 -0.8141345 -0.0793176 0.9188690 -0.0403591 0.3843950
1520531078.904637 1.1475497 -0.0342330 -0.7534091 -0.0748510 0.8924143 -0.0323735 0.4437859
1520531079.204311 1.3002039 -0.0341713 -0.5887998 -0.0761382 0.7955748 -0.0137579 0.6008946
1520531079.404318 1.3679532 -0.0488764 -0.4487066 -0.0604485 0.7221872 -0.0388669 0.6879542
1520531079.504269 1.3944443 -0.0559026 -0.3747625 -0.0485303 0.6885360 -0.0533699 0.7216055
1520531079.654274 1.4186018 -0.0736123 -0.2562559 -0.0373227 0.6062264 -0.0644319 0.7917987
1520531079.804279 1.4206628 -0.0901005 -0.1524254 -0.0217724 0.5350145 -0.0532389 0.8428826
1520531079.904281 1.4102809 -0.0951234 -0.0863708 -0.0050993 0.4810803 -0.0514551 0.8751503
1520531080.154228 1.3611897 -0.0893674 0.0817115 -0.0244813 0.3415003 -0.0289200 0.9391176
1520531080.304232 1.3141820 -0.0873910 0.1706984 -0.0565088 0.2503428 -0.0343894 0.9658948
1520531080.453993 1.2506894 -0.0840144 0.2444882 -0.0480640 0.1636585 -0.0286389 0.9849292
1520531080.603958 1.1881306 -0.0742022 0.3112792 -0.0447205 0.1031701 -0.0404811 0.9928330
1520531080.754644 1.1160202 -0.0637881 0.3723513 -0.0429163 0.0387975 -0.0469647 0.9972197
1520531081.054653 0.9640517 -0.0601281 0.4634762 -0.0308909 -0.0503076 -0.0641247 0.9961942
1520531081.204850 0.8750926 -0.0497197 0.5063852 -0.0324048 -0.0915464 -0.0649602 0.9931512
1520531081.504860 0.6819910 -0.0528996 0.5640396 -0.0034325 -0.2012028 -0.0685120 0.9771447
1520531081.804704 0.4817677 -0.0408666 0.5667559 0.0118314 -0.2843147 -0.0699096 0.9561055
1520531082.104589 0.2937533 -0.0416780 0.5359620 -0.0053383 -0.3449847 -0.0743100 0.9356469
1520531082.154592 0.2629035 -0.0421907 0.5282837 0.0001664 -0.3608902 -0.0763568 0.9294772
1520531083.054258 -0.2166100 -0.0135511 0.1544991 0.0396603 -0.6745590 -0.0616523 0.7345721
1520531083.154262 -0.2433795 -0.0165918 0.0953620 0.0339128 -0.7037925 -0.0594778 0.7070987
1520531083.254240 -0.2617117 -0.0235257 0.0324257 0.0411733 -0.7427433 -0.0623445 0.6653949
1520531086.805332 0.1446242 -0.1432402 -0.4989496 -0.3443535 0.9076214 0.0804211 -0.2262220
1520531088.004901 0.5618957 -0.1124099 -0.5759204 0.4353345 0.8862478 0.1582162 0.0040444
1520531088.504916 0.1931630 -0.0518576 -0.4712073 -0.0774955 -0.7861663 -0.0258364 0.6125924
1520531088.605008 0.1440565 -0.0771578 -0.4427051 0.0280765 -0.7634727 -0.0319396 0.6444385
1520531088.704922 0.1096931 -0.1113774 -0.4285108 0.1328180 -0.7583747 -0.0454745 0.6365212
1520531088.804925 0.0920422 -0.1471094 -0.4342429 0.2238656 -0.7726403 -0.0519081 0.5917910
1520531089.154054 0.1734127 -0.2175453 -0.5295476 -0.4578995 0.8571963 0.0772244 -0.2226632
1520531089.304059 0.2634625 -0.1915557 -0.5702396 -0.4683618 0.8811021 0.0633561 -0.0168016
1520531090.354690 0.6259105 -0.1463003 -0.5915410 0.3943107 0.8992724 0.1223810 0.1443991
1520531090.454693 0.5766168 -0.1315257 -0.6070926 0.4253884 0.8931614 0.1259585 0.0737693
1520531093.404343 0.5161767 -0.1121061 -0.5977157 0.0063659 0.9936379 -0.0050225 0.1123300
1520531093.704353 0.4946708 -0.1745145 -0.5999783 -0.4441125 0.8921363 -0.0557206 0.0612549
1520531093.804356 0.4662525 -0.1557605 -0.6025116 -0.5074742 0.8579303 -0.0475965 0.0644991
1520531093.904368 0.4677284 -0.1501766 -0.6044469 -0.4415160 0.8956296 -0.0239933 0.0483283
1520531103.454974 0.2834707 -0.0100668 -0.5602558 0.0170125 0.9990701 0.0359596 -0.0166251
1520531103.604979 0.2848062 -0.0097419 -0.5607473 0.0169301 0.9991449 0.0359699 -0.0113641
1520531103.754996 0.2862295 -0.0083101 -0.5614591 0.0155212 0.9989507 0.0427492 -0.0054020
