1520530731.500021 0.0000000 0.0000000 0.0000000 0.0000000 0.0000000 0.0000000 1.0000000
1520530745.151081 0.3910434 -0.0437139 0.0662405 -0.0821495 -0.1570344 -0.3927222 0.9024195
1520530745.301086 0.3636849 -0.0377515 0.0281398 -0.0717987 -0.2787679 -0.3543453 0.8897038
1520530745.401089 0.3371461 -0.0348745 -0.0011708 -0.0771325 -0.3681218 -0.2938952 0.8787278
1520530749.551299 -0.5263367 -0.0705181 -0.1500246 -0.1648600 0.0682837 0.3033788 0.9360127
1520530749.701303 -0.4518175 -0.0856833 -0.1322464 -0.0779633 0.2837009 0.2257119 0.9287032
1520530749.801307 -0.3952252 -0.0990110 -0.1225607 -0.0439316 0.3459686 0.1318772 0.9278923
1520530751.601708 0.4089622 -0.0802137 0.0489923 -0.1381355 0.4336034 -0.1500235 0.8777241
1520530751.701711 0.4472373 -0.0971446 0.0641710 -0.1226962 0.3830559 -0.2146904 0.8900123
1520530751.751712 0.4618959 -0.1056444 0.0739717 -0.1169760 0.3409019 -0.2293462 0.9041586
1520530752.951904 0.8481108 -0.0328868 0.1454841 -0.1460893 0.5114791 0.0598402 0.8446693
1520530753.051907 0.8817167 -0.0611699 0.1406035 -0.1256668 0.5181925 -0.0382390 0.8451166
1520530753.101908 0.8940392 -0.0765357 0.1408494 -0.1128387 0.5032386 -0.0907657 0.8519272
1520530817.853492 -0.5257958 0.0093786 -0.9171167 -0.0261790 0.9668777 0.0290870 0.2522224
1520530818.653602 0.0638966 -0.0073153 -1.0574744 -0.0455735 0.8289632 0.0068446 0.5574014
1520530826.253942 -0.2055206 0.0171953 -1.0129504 -0.0655395 0.9042102 0.0189596 0.4216030
1520530829.804054 0.5412344 0.0348610 0.5761017 -0.0215552 -0.3810966 -0.0251627 0.9239413
1520530833.403606 -0.6551973 0.0014152 -0.9039780 -0.0556269 0.9848614 -0.0077977 0.1639901
1520530833.503610 -0.5941147 -0.0023255 -0.9496647 -0.0705850 0.9753045 0.0008880 0.2092798
1520530833.804356 -0.3872369 -0.0134264 -1.0411134 -0.0685416 0.9342752 -0.0182932 0.3494244
1520530833.954361 -0.2706101 -0.0016130 -1.0742975 -0.0670351 0.9083784 -0.0144748 0.4124869
1520530834.254153 -0.0343126 -0.0064298 -1.0718917 -0.0535799 0.8220525 0.0069152 0.5668430
1520530834.404157 0.0839422 -0.0030960 -1.0604514 -0.0495413 0.7849134 -0.0144231 0.6174533
1520530839.653786 -0.5922388 0.0372359 0.4013744 -0.0049955 -0.7868265 -0.0523730 0.6149278
1520530846.254303 0.0835959 0.0471234 0.5939201 -0.0578424 -0.6205891 -0.0006944 0.7819993
1520530846.853992 -0.3007132 0.0383266 0.4714846 -0.0620287 -0.7283975 -0.0111931 0.6822494
1520530847.154002 -0.4836227 0.0415213 0.4096778 -0.0544135 -0.7606123 -0.0178293 0.6466762
1520530847.254088 -0.5465341 0.0424192 0.3734215 -0.0548537 -0.7798169 -0.0059833 0.6235711
1520530847.554097 -0.6876541 0.0242918 0.2191077 -0.0202194 -0.8570698 -0.0422548 0.5130662
1520530851.554326 1.0460455 -0.0074980 -0.3313516 -0.0644096 0.4115584 -0.0181754 0.9089229
1520530855.404465 -0.7720220 -0.0604667 -0.1938711 -0.0055003 0.9785405 0.0277985 -0.2040969
1520530857.804659 0.4275712 -0.0086501 -0.8307208 -0.0769651 0.7024009 0.0231841 0.7072283
1520530857.954694 0.5350131 -0.0096900 -0.7995970 -0.0785808 0.6788027 0.0354312 0.7292438
1520530858.104698 0.6290044 -0.0246057 -0.7664019 -0.0751111 0.6654130 0.0356329 0.7418317
1520530858.254703 0.7281920 -0.0241645 -0.7219646 -0.0625178 0.6289180 0.0211911 0.7746642
1520530858.404579 0.8246410 -0.0131665 -0.6636565 -0.0636565 0.5788503 0.0227659 0.8126266
1520530858.854707 1.0135860 -0.0044456 -0.4086444 -0.0846027 0.3996282 0.0035834 0.9127578
1520530859.004616 1.0613599 0.0050437 -0.3193118 -0.0994699 0.3592440 -0.0230512 0.9276412
1520530859.454604 1.1071639 0.0197544 -0.0242580 -0.1083314 0.1808541 -0.0318877 0.9770052
1520530859.604535 1.0856616 0.0299561 0.0780647 -0.1127592 0.0939059 -0.0285896 0.9887617
1520530859.754539 1.0371474 0.0314771 0.1711303 -0.1114704 -0.0210532 -0.0299392 0.9930935
1520530859.904544 0.9719465 0.0355735 0.2513682 -0.1035092 -0.1134074 -0.0424748 0.9872287
1520530860.054872 0.9058826 0.0460835 0.3289045 -0.0979135 -0.1732185 -0.0534260 0.9785469
1520530860.204875 0.8349317 0.0421823 0.3974578 -0.1062011 -0.2221827 -0.0659191 0.9669596
1520530860.505019 0.6568052 0.0477629 0.4987443 -0.0812813 -0.3589176 -0.0703216 0.9271604
1520530860.655024 0.5496197 0.0597335 0.5297109 -0.0782602 -0.4305325 -0.0673284 0.8966516
1520530860.954856 0.3337097 0.0528907 0.5257781 -0.0751236 -0.5845324 -0.0780348 0.8041075
1520530861.054859 0.2623170 0.0589122 0.5180966 -0.0640072 -0.6179115 -0.0778739 0.7797590
1520530861.204706 0.1582206 0.0657410 0.5045671 -0.0619255 -0.6526508 -0.0881625 0.7499598
1520530861.504715 -0.0343783 0.0505065 0.4426074 -0.0495415 -0.7177794 -0.0842914 0.6893717
1520530861.654569 -0.1331514 0.0614664 0.3973923 -0.0549984 -0.7508004 -0.0863001 0.6525536
1520530861.804574 -0.2297486 0.0640361 0.3439091 -0.0397668 -0.7846088 -0.0855699 0.6127686
1520530862.104644 -0.3844491 0.0571003 0.1883775 0.0290547 0.8696845 0.1063042 -0.4811487
1520530862.354652 -0.4935437 0.0746567 0.0461059 0.0258802 0.9046395 0.1116245 -0.4104845
1520530862.554812 -0.5730512 0.0568138 -0.0635732 0.0247089 0.9189538 0.1229594 -0.3738909
1520530865.954609 -0.3028684 0.1344883 -0.5883296 0.0686839 0.9440154 0.2536730 -0.1994177
1520530866.205681 -0.4764858 0.0255297 -0.5007105 -0.0081911 0.9123443 0.2300802 -0.3385615
1520530866.604821 -0.4086790 -0.2601451 -0.5767134 -0.2249545 0.9413468 -0.1350517 -0.2121854
1520530867.604055 0.3956192 -0.0041766 -0.4133344 0.0137342 0.8114941 0.2806179 0.5123888
1520530867.755264 0.4325935 -0.1139855 -0.4100249 0.1018168 0.8135121 0.1624050 0.5490500
1520530867.905269 0.4107988 -0.2316777 -0.4510919 0.2149534 0.8396491 -0.0311265 0.4978108
1520530868.954710 -0.4004888 0.0775468 -0.4846363 0.0176303 0.9049793 0.2780837 -0.3215136
1520530869.555252 -0.4376664 -0.2897529 -0.5249970 -0.1876457 0.9062031 -0.1391203 -0.3524636
1520530869.655255 -0.3621922 -0.3154413 -0.5615137 -0.1673639 0.9195865 -0.2288396 -0.2719970
1520530869.754109 -0.2852083 -0.3190926 -0.5919513 -0.1188944 0.9331502 -0.2826946 -0.1875594
1520530872.854152 -0.1232839 -0.2056938 -0.6405115 -0.4708450 0.8712808 -0.1119939 0.0814378
1520530872.904153 -0.1095277 -0.1910917 -0.6348112 -0.4831486 0.8619424 -0.0951404 0.1207109
1520530872.954156 -0.0962172 -0.1765606 -0.6301016 -0.4727310 0.8634789 -0.0710346 0.1608838
1520530873.504877 0.0070875 -0.0733141 -0.5554029 0.1845888 0.9402621 0.1363723 0.2514690
1520530873.704883 -0.0631412 -0.0571314 -0.5760685 0.2906863 0.9493497 0.1124484 0.0398995
1520530873.804887 -0.1181856 -0.0502456 -0.5882424 0.2363756 0.9671710 0.0665837 -0.0653718
1520530874.904217 0.0130059 -0.0102250 -0.5517472 -0.0942191 0.9836164 -0.1236640 0.0912619
1520530875.204338 0.0843666 0.0003161 -0.5096712 -0.0577791 0.9884520 -0.1153131 0.0795436
1520530875.304341 0.1037990 0.0013754 -0.4998377 -0.0563062 0.9880792 -0.1152121 0.0851775
1520530875.454346 0.1397354 0.0094512 -0.4887818 -0.0587805 0.9896681 -0.0802521 0.1032547
