1520531829.251142 1.7213651 -0.0312940 0.3479036 0.0014915 0.0001011 -0.0016023 0.9999976
1520531839.401467 1.8166524 0.0022409 0.3145360 -0.0991676 0.0927173 -0.0294507 0.9903040
1520531851.501648 1.7623943 -0.1483178 0.4392848 0.2342227 0.1908610 -0.2713918 0.9138153
1520531852.101605 1.5709420 -0.0015239 0.4421844 -0.1963118 -0.2359635 -0.0315617 0.9512028
1520531852.201609 1.5491201 -0.0251305 0.4345522 -0.1753543 -0.2977281 0.0051070 0.9383937
1520531852.302719 1.5349895 -0.0560138 0.4333847 -0.1118946 -0.3362093 0.0560040 0.9334379
1520531852.552727 1.5523373 -0.1318458 0.4427437 0.0278107 -0.2893715 0.1383443 0.9467584
1520531852.801842 1.6201929 -0.1255702 0.4582517 0.0783504 -0.1283703 0.1398228 0.9786888
1520531853.101851 1.6928378 -0.0673561 0.4503867 -0.0481392 0.0767304 0.0941830 0.9914256
1520531853.802518 1.7696285 -0.0988913 0.4240539 -0.0791318 0.4990758 -0.0157304 0.8627943
1520531853.952238 1.7834398 -0.1073836 0.4137399 -0.0671175 0.5361242 -0.0261288 0.8410608
1520531854.302248 1.8198338 -0.0724193 0.4202161 -0.0845038 0.5727487 0.0203763 0.8151091
1520531854.652327 1.8702517 -0.0550594 0.4547289 -0.0838748 0.5710559 0.0081543 0.8165743
1520531854.952429 1.9197146 -0.0425859 0.4993058 -0.0797780 0.5680408 0.0042177 0.8191137
1520531855.152436 1.9602345 -0.0646691 0.5390096 -0.0820398 0.5586706 0.0130614 0.8252187
1520531855.252496 1.9780132 -0.0695426 0.5554197 -0.0895236 0.5382356 0.0256143 0.8376347
1520531855.352499 2.0006905 -0.0667256 0.5668184 -0.0994342 0.5047087 0.0336198 0.8568848
1520531855.452503 2.0186625 -0.0645441 0.5868424 -0.1110692 0.4908352 0.0348268 0.8634417
1520531855.552506 2.0399749 -0.0599011 0.6042367 -0.1051477 0.4860690 0.0342434 0.8668957
1520531855.702933 2.0723927 -0.0575215 0.6290920 -0.1018303 0.4778427 0.0268104 0.8721113
1520531855.852937 2.1031542 -0.0567055 0.6501153 -0.1177250 0.4654615 0.0355661 0.8764824
1520531855.952940 2.1215456 -0.0498674 0.6651879 -0.1150440 0.4589265 0.0386384 0.8801468
1520531856.103550 2.1510878 -0.0370398 0.6865863 -0.1149043 0.4417588 0.0457080 0.8885702
1520531856.203553 2.1722822 -0.0320860 0.7001922 -0.1279733 0.4240180 0.0464809 0.8953609
1520531856.303557 2.1891837 -0.0302933 0.7188550 -0.1402392 0.4010936 0.0645075 0.9029372
1520531856.403857 2.2089028 -0.0308464 0.7359018 -0.1349051 0.3668604 0.0698322 0.9177895
1520531856.503860 2.2244763 -0.0336081 0.7532265 -0.1247244 0.3505642 0.0763339 0.9250523
1520531856.753868 2.3348751 -0.0146651 0.7430049 -0.1188064 0.2349349 0.0497254 0.9634407
1520531857.403813 2.4211016 0.0048981 0.8035940 -0.1048034 0.3653033 0.1046764 0.9190280
1520531857.553818 2.4365149 0.0095151 0.8120810 -0.0832159 0.4240848 0.1093375 0.8951383
1520531857.654828 2.4481754 0.0132174 0.8143344 -0.0747177 0.4572487 0.0983373 0.8807217
1520531857.804833 2.4676430 0.0144015 0.8140534 -0.0795632 0.5185281 0.0779052 0.8477789
1520531857.954837 2.4911191 0.0120635 0.8085931 -0.0803379 0.5821026 0.0693908 0.8061559
1520531858.055733 2.5095048 0.0128138 0.8049760 -0.0769257 0.6121685 0.0683858 0.7839997
1520531858.205739 2.5375128 0.0128663 0.8074704 -0.0748416 0.6433114 0.0719253 0.7585353
1520531858.355743 2.5661917 0.0099940 0.8204152 -0.0854217 0.6530383 0.0772365 0.7485176
1520531858.506211 2.6004205 0.0047082 0.8283272 -0.0703115 0.6522869 0.0758976 0.7508779
1520531858.606215 2.6269863 0.0035644 0.8364071 -0.0678372 0.6522482 0.0624019 0.7523805
1520531859.005610 2.8085454 -0.0409142 0.9117920 -0.1081940 0.7044756 0.0964468 0.6947706
1520531859.105613 2.8723519 -0.0504464 0.9397205 -0.0992457 0.7208645 0.1111745 0.6768640
1520531859.354656 3.0259066 -0.0702388 0.9842784 -0.0991876 0.7334094 0.1138608 0.6628033
1520531859.454660 3.0872357 -0.0694705 0.9953254 -0.0912015 0.7341975 0.1151143 0.6628613
1520531859.604665 3.1748319 -0.0626305 0.9998302 -0.0754289 0.7293898 0.0978403 0.6728508
1520531859.753837 3.2561257 -0.0616906 1.0078526 -0.0674018 0.7353806 0.0842653 0.6690080
1520531860.053845 3.3821347 -0.0904457 0.9595481 -0.0666588 0.7518833 0.1059243 0.6473085
1520531860.203605 3.4480569 -0.0854439 0.9201090 -0.0786825 0.7446541 0.1108850 0.6534553
1520531860.353610 3.5101082 -0.0780736 0.8834155 -0.0803213 0.7168739 0.1106163 0.6836697
1520531860.504915 3.5478351 0.0109932 0.9274662 -0.0405593 0.7200568 0.0750154 0.6886551
1520531860.704921 3.6411052 0.0427514 0.9290016 -0.0351159 0.6950512 0.0460049 0.7166270
1520531860.908177 3.7394683 0.0772213 0.9293274 -0.0200491 0.6883284 0.0223170 0.7247786
1520531861.058172 3.7938907 0.0802543 0.9345129 -0.0330542 0.7089185 0.0223707 0.7041602
1520531861.509931 4.0008659 0.0685229 0.9403187 -0.0126634 0.6894676 0.0157696 0.7240341
1520531861.659936 4.0595899 0.0586079 0.9665978 -0.0014928 0.6667587 0.0091392 0.7452161
1520531861.810669 4.1438365 0.0440293 0.9877420 -0.0048076 0.6503528 -0.0141677 0.7594849
1520531862.209841 4.3731985 -0.0136057 1.0538905 -0.0350909 0.5676372 -0.0599771 0.8203410
1520531862.509853 4.4550762 -0.0165370 1.1401052 -0.0313739 0.4256181 -0.1406667 0.8933520
1520531862.657269 4.4728341 -0.0132859 1.1789620 -0.0504287 0.3411141 -0.1578975 0.9252927
1520531862.907277 4.4850230 -0.0161813 1.2730529 -0.0483578 0.2278491 -0.1964758 0.9524409
1520531863.254585 4.4930749 0.0077894 1.4419085 -0.0333697 0.1205451 -0.1901783 0.9737492
1520531863.353329 4.5051646 0.0070366 1.5118108 -0.0319204 0.0743897 -0.1477692 0.9857036
1520531863.453331 4.5032620 0.0200148 1.5829378 -0.0317013 0.0417331 -0.1162389 0.9918376
1520531863.603336 4.5031075 0.0216413 1.6727425 -0.0073793 0.0115847 -0.0736068 0.9971927
1520531863.852889 4.4990230 0.0035149 1.8129648 0.0012996 -0.0212471 -0.0186115 0.9996002
1520531864.002894 4.5148110 0.0071802 1.8952032 0.0129458 -0.0053496 0.0003933 0.9999018
1520531864.352594 4.5715933 -0.0103986 2.0654449 -0.0064227 0.1334862 0.0421697 0.9901323
1520531864.502599 4.6100445 -0.0100726 2.1164370 0.0014219 0.1882791 0.0444874 0.9811065
1520531864.603088 4.6363668 -0.0106750 2.1494172 0.0066511 0.2237668 0.0393317 0.9738261
1520531864.753093 4.6841764 -0.0208326 2.2024841 0.0237872 0.2716999 0.0202164 0.9618756
1520531865.004427 4.7660475 -0.0392904 2.2749858 0.0398304 0.3275369 -0.0039259 0.9439903
1520531865.204433 4.8375845 -0.0475598 2.3090534 0.0500264 0.3696275 -0.0304119 0.9273338
1520531865.504540 4.9449630 -0.0574971 2.3548517 0.0339694 0.4120740 -0.0275593 0.9100997
1520531865.654545 4.9998655 -0.0624362 2.3898249 0.0467618 0.4093729 -0.0292341 0.9106989
1520531865.804986 5.0532341 -0.0774738 2.4179976 0.0757339 0.3890474 -0.0536473 0.9165307
1520531865.954990 5.0921164 -0.0963223 2.4566679 0.1009237 0.3278540 -0.0716719 0.9365839
1520531866.104995 5.1174593 -0.1067988 2.4992566 0.1155930 0.2662060 -0.0879518 0.9529098
1520531866.254596 5.1368489 -0.1180165 2.5500603 0.1268739 0.1888459 -0.1151568 0.9669432
1520531866.404601 5.1364489 -0.1277488 2.5967436 0.1422775 0.0927658 -0.1354558 0.9761165
1520531866.554605 5.1229792 -0.1347241 2.6361549 0.1548801 -0.0489705 -0.1456549 0.9759092
1520531866.703667 5.1017623 -0.1391701 2.6572015 0.1460523 -0.2223414 -0.1244582 0.9558991
1520531866.853672 5.0966997 -0.1717905 2.6792626 0.0938771 -0.4212794 -0.0990855 0.8966007
1520531867.053169 5.0499220 -0.1624140 2.6409464 0.0270168 -0.5977597 -0.0751797 0.7976851
1520531867.253175 4.9489803 -0.1399267 2.4475219 -0.0048403 -0.6404389 -0.0696104 0.7648327
1520531867.452915 4.9014163 -0.1349438 2.3236017 -0.0173905 -0.6676412 -0.0512022 0.7425168
1520531867.602920 4.8655338 -0.0992739 2.2693563 -0.0181556 -0.6839682 -0.0628139 0.7265757
1520531867.752924 4.8128805 -0.0950702 2.2229881 -0.0206355 -0.6941046 -0.0578547 0.7172488
1520531867.902948 4.7683678 -0.1120476 2.1883395 -0.0217039 -0.7025105 -0.0353752 0.7104622
1520531868.052953 4.7323766 -0.1022841 2.1994090 -0.0322371 -0.7025694 -0.0245208 0.7104617
1520531868.202958 4.7097058 -0.1013803 2.2382169 -0.0343113 -0.6969619 -0.0119902 0.7161864
1520531868.402915 4.6934175 -0.1175757 2.3086882 -0.0309911 -0.6833754 0.0174826 0.7291996
1520531869.052872 4.5471392 -0.0279830 2.3609059 0.0540951 -0.4001891 0.0516220 0.9133770
1520531869.253268 4.4333825 -0.0617772 2.3582690 0.0370043 -0.2462731 -0.0015533 0.9684926
1520531869.503578 4.3967452 -0.1039755 2.4043047 0.0839304 -0.1075491 -0.0016764 0.9906493
1520531869.753586 4.3907962 -0.1326522 2.4535975 0.0833594 0.0359691 -0.0082603 0.9958360
1520531870.003495 4.4173841 -0.1578636 2.4878302 0.1183649 0.1731256 -0.0338954 0.9771737
1520531870.253502 4.4532356 -0.1740636 2.4918270 0.1189834 0.3259057 -0.0639447 0.9357027
1520531870.503510 4.4840660 -0.1839751 2.4703021 0.0841972 0.4585415 -0.0941778 0.8796483
1520531870.803669 4.5035877 -0.1847358 2.4155798 0.0189681 0.4759407 -0.0601804 0.8772109
1520531871.454117 4.4944119 -0.1464656 2.2319734 -0.0537033 0.5041550 0.0275325 0.8615020
1520531871.704701 4.4915433 -0.1183460 2.1552546 -0.0360560 0.6429983 0.0698944 0.7618188
1520531871.955926 4.4786339 -0.1004487 2.0393782 -0.0160475 0.8148171 0.1116306 0.5686424
1520531872.105930 4.4464493 -0.0659602 1.9768630 -0.0026855 0.8699686 0.1479843 0.4703701
1520531872.406388 4.4051657 -0.0306248 1.8581122 0.0423606 0.9153581 0.1562410 0.3686651
1520531872.506391 4.3755116 -0.0262742 1.8163534 0.0437368 0.9271953 0.1457149 0.3422911
1520531872.656395 4.3770156 -0.0274945 1.7321163 0.0396368 0.9515445 0.1122791 0.2835230
1520531872.809258 4.3480892 -0.0652107 1.6392202 0.0209984 0.9607202 0.1010561 0.2576108
1520531873.009265 4.3326797 -0.0362005 1.5692365 0.0096279 0.9696913 0.0691320 0.2341513
1520531873.211371 4.3546000 -0.0727378 1.4715836 0.0418867 0.9757141 0.0278955 0.2131883
1520531873.611199 4.5791049 -0.0651462 1.2054324 0.0367332 0.9831828 -0.0241055 0.1772602
1520531873.761203 4.5957074 -0.0489321 1.1175778 0.0377724 0.9836683 -0.0212978 0.1746895
1520531873.911208 4.6111083 -0.0477458 1.0456052 0.0179835 0.9883524 -0.0155999 0.1503093
1520531874.061378 4.6270785 -0.0467071 0.9801794 0.0132451 0.9923950 -0.0131620 0.1216699
1520531874.211384 4.6484861 -0.0463771 0.9152550 0.0146558 0.9919146 -0.0157359 0.1250718
1520531874.510206 4.6823912 -0.0774307 0.8023874 -0.0358860 0.9757596 -0.0446995 0.2112043
1520531874.808747 4.7468305 -0.0911311 0.7219120 -0.0813422 0.9439986 -0.0720766 0.3115367
1520531875.108754 4.8716965 -0.0925278 0.6279199 -0.1071586 0.9043652 -0.1000151 0.4007961
1520531875.258055 4.9308004 -0.0769959 0.5976825 -0.0805085 0.8734984 -0.1013940 0.4692955
1520531875.408060 4.9849815 -0.0713503 0.5835369 -0.0820408 0.8524920 -0.0669300 0.5119054
1520531875.558064 5.0355439 -0.0730579 0.5742096 -0.0489650 0.8143024 -0.0390915 0.5770493
1520531875.908075 5.1565380 -0.0734458 0.5714322 -0.0221103 0.7737801 -0.0127451 0.6329401
1520531876.059258 5.2008190 -0.0783639 0.5554572 -0.0226700 0.8012932 -0.0023309 0.5978376
1520531876.259264 5.2499142 -0.0884573 0.5223631 0.0071409 0.8486227 -0.0149991 0.5287377
1520531876.409268 5.2850671 -0.0892478 0.4918523 0.0309480 0.8675014 -0.0227682 0.4959488
1520531876.607643 5.3241529 -0.0959351 0.4428787 0.0274988 0.8937728 -0.0503635 0.4448343
1520531876.905073 5.3665671 -0.0964998 0.3642368 0.0069623 0.9413304 -0.0064163 0.3373535
1520531877.205082 5.3695145 -0.0959429 0.2866951 0.0034951 0.9890689 -0.0039356 0.1473604
1520531877.503497 5.3409038 -0.1019911 0.2188572 0.0174510 0.9997544 -0.0046182 0.0128581
1520531877.652905 5.3271575 -0.1095401 0.1834429 0.0021797 0.9993141 -0.0344562 0.0133947
1520531877.802910 5.3227315 -0.1133466 0.1530451 -0.0264951 0.9989717 -0.0237864 0.0280673
1520531878.152721 5.3383589 -0.1084367 0.0746362 -0.0178775 0.9947711 -0.0291977 0.0962208
1520531878.302725 5.3577967 -0.1048897 0.0366541 -0.0107611 0.9921188 -0.0112865 0.1243266
1520531878.452730 5.3745070 -0.1042681 -0.0063417 0.0091175 0.9867657 -0.0254019 0.1598908
1520531878.602791 5.3935823 -0.1085301 -0.0425600 0.0085282 0.9817237 -0.0251571 0.1884488
1520531878.752795 5.4085469 -0.1200109 -0.0787573 0.0081339 0.9761968 -0.0524579 0.2102900
1520531878.903275 5.4216862 -0.1207132 -0.1208198 0.0013331 0.9691257 -0.0464442 0.2421498
1520531879.053279 5.4370418 -0.1185675 -0.1658311 0.0034140 0.9599395 -0.0472136 0.2761800
1520531879.203284 5.4544477 -0.1237288 -0.2043138 -0.0215867 0.9463822 -0.0686785 0.3149253
1520531879.354802 5.4742641 -0.1335821 -0.2293241 -0.0259174 0.9286203 -0.0931074 0.3582229
1520531879.504807 5.4952593 -0.1405171 -0.2358391 -0.0235563 0.9038485 -0.1121932 0.4122082
1520531879.704810 5.5245390 -0.1422201 -0.2294908 -0.0199489 0.8519548 -0.1117107 0.5111710
1520531879.854815 5.5515165 -0.1413565 -0.2190925 -0.0136659 0.8056572 -0.1068932 0.5824977
1520531880.004819 5.5801792 -0.1381484 -0.2052106 -0.0034358 0.7489442 -0.1135034 0.6528305
1520531880.153750 5.6055880 -0.1390213 -0.1886043 0.0050867 0.6787454 -0.1371020 0.7214443
1520531880.303756 5.6220832 -0.1409651 -0.1673594 0.0031271 0.5903170 -0.1441628 0.7941871
1520531880.453759 5.6302080 -0.1429696 -0.1443861 0.0228122 0.4843444 -0.1538315 0.8609448
1520531880.553340 5.6296892 -0.1448217 -0.1286087 0.0503589 0.3998404 -0.1712471 0.8990362
1520531880.753347 5.6096559 -0.1468431 -0.1054338 0.1040661 0.1970292 -0.2100197 0.9519672
1520531880.903351 5.5806403 -0.1459161 -0.1006742 0.1204171 0.0645711 -0.2149812 0.9670126
1520531881.053513 5.5449748 -0.1396913 -0.1007149 0.1139226 -0.0580457 -0.1917106 0.9730875
1520531881.253520 5.5023613 -0.1264635 -0.1064163 0.0610819 -0.1835700 -0.1420265 0.9707726
1520531881.405181 5.4705639 -0.1199913 -0.1051705 0.0480217 -0.2423862 -0.1028877 0.9635128
1520531881.605188 5.4289875 -0.1111837 -0.0926039 0.0274810 -0.2984163 -0.0628456 0.9519679
1520531881.807117 5.3814158 -0.1070290 -0.0878844 0.0111923 -0.3345087 -0.0173249 0.9421669
1520531882.007124 5.3529510 -0.1079231 -0.0710833 -0.0199358 -0.3889637 0.0311752 0.9205096
1520531882.156618 5.3300438 -0.1118204 -0.0622730 -0.0287762 -0.4085570 0.0483839 0.9109951
1520531882.306623 5.3118076 -0.1124097 -0.0500972 -0.0172091 -0.4455108 0.0599005 0.8931046
1520531882.506629 5.2924080 -0.1377011 -0.0288334 -0.0221491 -0.5139037 0.1054013 0.8510599
1520531882.806259 5.2648730 -0.1467985 0.0097966 -0.0223492 -0.4955141 0.1589193 0.8536457
1520531882.956264 5.2573242 -0.1365307 0.0578141 -0.0192529 -0.4861117 0.1301132 0.8639417
1520531883.155937 5.2533350 -0.1208955 0.1168678 -0.0319146 -0.4530303 0.1000884 0.8852838
1520531883.305942 5.2533269 -0.1189422 0.1601779 -0.0320642 -0.4265675 0.1011447 0.8982103
1520531883.459389 5.2357311 -0.1095051 0.1920190 -0.0107731 -0.3816951 0.0798208 0.9207722
1520531883.609394 5.2374964 -0.1182289 0.2342212 -0.0042199 -0.3573203 0.0638803 0.9317852
1520531883.811493 5.2224202 -0.1020560 0.2782083 -0.0201218 -0.3075255 0.0531127 0.9498433
1520531883.961498 5.2337332 -0.1036339 0.3378642 -0.0197199 -0.3022162 0.0398477 0.9522020
1520531884.161504 5.2330980 -0.0798346 0.4242599 -0.0136664 -0.3080812 -0.0084553 0.9512243
1520531884.311718 5.2171345 -0.0764348 0.4875507 0.0003485 -0.3386335 -0.0427581 0.9399462
1520531884.611728 5.2050815 -0.1235432 0.4786966 -0.0025370 -0.4070897 -0.0979124 0.9081215
1520531884.761732 5.0538344 -0.0810865 0.5852268 0.0546974 -0.4998754 -0.0889427 0.8597802
1520531884.961743 5.0007358 -0.0831852 0.5703274 0.0558434 -0.5834804 -0.0765176 0.8065836
1520531885.161744 4.9108653 -0.0816489 0.5424985 0.0531631 -0.6774292 -0.0599363 0.7312120
1520531885.661575 4.8158131 -0.0741204 0.3557239 0.0026291 -0.8034144 -0.0248889 0.5948940
1520531885.909551 4.7654953 -0.0679792 0.3068292 -0.0263233 -0.8100500 -0.0114946 0.5856569
1520531886.159559 4.6338086 -0.0602408 0.3044541 -0.0461221 -0.7948031 0.0089119 0.6050466
1520531886.359019 4.5337844 -0.0591559 0.2926955 -0.0513695 -0.7917240 0.0151701 0.6085262
1520531886.559025 4.4149065 -0.0468300 0.3036768 -0.0577737 -0.7905510 0.0196982 0.6093466
1520531886.759118 4.3353949 -0.0487857 0.3073925 -0.0362519 -0.7800409 0.0205102 0.6243407
1520531886.959125 4.2495999 -0.0599914 0.3187840 -0.0161362 -0.7519540 0.0159630 0.6588247
1520531887.109705 4.1861014 -0.0669826 0.3474225 -0.0025587 -0.7308908 0.0127139 0.6823712
1520531887.309711 4.1100154 -0.0634547 0.3545299 -0.0014800 -0.7252759 0.0167233 0.6882536
1520531887.459716 4.0593963 -0.0642940 0.3483250 0.0086947 -0.7291865 0.0171722 0.6840443
1520531887.610507 4.0163808 -0.0659712 0.3254634 0.0086587 -0.7368052 0.0061777 0.6760215
1520531887.810512 3.9604447 -0.0584653 0.2964286 0.0261248 -0.7479243 0.0022132 0.6632661
1520531887.960392 3.9143057 -0.0515888 0.2843968 0.0405232 -0.7586703 0.0047618 0.6501957
1520531888.160398 3.8558331 -0.0554666 0.2624636 0.0387002 -0.7696982 -0.0079077 0.6371847
1520531888.310185 3.8221388 -0.0537131 0.2317913 0.0413823 -0.7810424 0.0025235 0.6231003
1520531888.460190 3.7864556 -0.0513549 0.2011313 0.0434158 -0.8041579 0.0051531 0.5928056
1520531888.610194 3.7384200 -0.0440785 0.1841415 0.0413963 -0.8465395 0.0226285 0.5302312
1520531888.759271 3.6663737 -0.0529357 0.1810409 -0.0422633 0.9097979 -0.0242526 -0.4121813
1520531888.909275 3.5987749 -0.0636251 0.1520270 -0.0500286 0.9509860 -0.0115851 -0.3049402
1520531889.059280 3.5428932 -0.0762037 0.1100805 -0.0641211 0.9811211 -0.0093604 -0.1822147
1520531889.257441 3.5278699 -0.0900166 0.0473029 -0.0756779 0.9967142 -0.0269238 -0.0104249
1520531889.457447 3.5536113 -0.0936020 0.0087768 -0.0678432 0.9731191 -0.0625411 0.2110095
1520531889.705606 3.5972791 -0.0877247 0.0146887 -0.0393802 0.8629037 -0.1146175 0.4906213
1520531890.055663 3.6395235 -0.0580817 0.0841891 -0.0158570 0.6245105 -0.0819516 0.7765431
1520531890.409828 3.6442647 -0.0587735 0.1578500 -0.0001475 0.4463620 -0.0164733 0.8947008
1520531890.659836 3.6758971 -0.0585535 0.2095649 0.0109688 0.3749199 0.0150737 0.9268698
1520531891.561968 3.9762092 -0.0582246 0.2543841 0.0280470 0.5983559 0.0639552 0.7981812
1520531891.961957 4.1561117 -0.0475023 0.2385188 0.0211203 0.7007543 0.0170531 0.7128860
1520531892.510088 4.4183216 -0.0553210 0.2860814 -0.0181510 0.6474491 -0.0802052 0.7576591
1520531892.910212 4.5790443 -0.0674991 0.4137815 -0.0371072 0.5212213 -0.0714898 0.8496121
1520531893.211996 4.6615229 -0.0535943 0.5395217 -0.0554520 0.3411373 -0.0548290 0.9367733
1520531893.562007 4.6663871 -0.0264890 0.6631044 -0.0644200 0.2021352 -0.0567075 0.9755899
1520531893.862016 4.6606078 -0.0302456 0.7461201 -0.0763930 0.1281280 -0.0320483 0.9882916
1520531894.162026 4.6236072 -0.0297495 0.9046870 -0.0459395 0.0836957 0.0205309 0.9952201
1520531894.412034 4.6703796 -0.0273672 1.0280128 -0.0197402 0.1118586 0.0521340 0.9921592
1520531894.662041 4.7848878 -0.0721952 1.1650587 -0.0148317 0.2351240 0.0864842 0.9679965
1520531894.910609 4.9167800 -0.0646390 1.2510455 -0.0041768 0.3878250 0.0875919 0.9175522
1520531895.060614 4.9824905 -0.0564038 1.2974139 0.0108666 0.4753607 0.0859396 0.8755162
1520531895.210618 5.0391755 -0.0659156 1.2833042 0.0104597 0.5087498 0.0706728 0.8579450
1520531895.360160 5.0945988 -0.0786525 1.2955865 0.0002102 0.5448714 0.0620523 0.8362204
1520531895.510165 5.1477451 -0.0840374 1.3086747 -0.0152000 0.5762230 0.0450479 0.8159086
1520531896.009144 5.2989359 -0.0846194 1.3339810 -0.0099169 0.6846272 -0.0082975 0.7287787
1520531896.157461 5.3489342 -0.0915786 1.3469380 -0.0024656 0.6890655 -0.0183041 0.7244637
1520531896.555986 5.4519138 -0.1159824 1.3571345 -0.0088468 0.6502656 -0.0257958 0.7592174
1520531896.705990 5.4947557 -0.1281150 1.3542764 -0.0237148 0.6477936 -0.0646819 0.7586945
1520531896.855995 5.5343719 -0.1334583 1.3665836 -0.0177848 0.6613964 -0.0561881 0.7477174
1520531897.004912 5.5702562 -0.1406459 1.3699974 -0.0329523 0.6778187 -0.0311166 0.7338308
1520531897.154916 5.6113958 -0.1316007 1.3704767 -0.0262311 0.6764991 -0.0267990 0.7354881
1520531897.354434 5.6639462 -0.1335976 1.3762674 -0.0328554 0.6743484 -0.0330233 0.7369425
1520531897.454436 5.6884356 -0.1371357 1.3791256 -0.0497679 0.6622427 -0.0322353 0.7469395
1520531897.554440 5.7119017 -0.1389477 1.3857263 -0.0554546 0.6608564 -0.0341266 0.7476825
1520531897.705037 5.7498956 -0.1363046 1.3885790 -0.0421350 0.6693499 -0.0406505 0.7406368
1520531897.955044 5.8068862 -0.1429400 1.3961484 -0.0320932 0.6842853 -0.0449981 0.7271168
1520531898.055047 5.8253179 -0.1463982 1.3960221 -0.0399417 0.6836667 -0.0356732 0.7278268
1520531898.357049 5.8851781 -0.1455319 1.4038323 -0.0259647 0.6770129 -0.0159452 0.7353402
1520531898.508911 5.9132447 -0.1532977 1.4104904 -0.0450334 0.6700174 -0.0255546 0.7405374
1520531898.658916 5.9363308 -0.1570661 1.4147471 -0.0531631 0.6633782 -0.0346270 0.7455897
1520531898.808921 5.9597712 -0.1569133 1.4178159 -0.0569274 0.6589059 -0.0466750 0.7486145
1520531899.406675 6.0431223 -0.1667249 1.4217712 -0.0451480 0.6377604 -0.0487835 0.7673614
1520531899.556680 6.0640221 -0.1689519 1.4200106 -0.0396480 0.6203499 -0.0298676 0.7827528
1520531899.706684 6.0821695 -0.1691253 1.4204162 -0.0581127 0.6118711 -0.0303549 0.7882355
1520531899.855561 6.1001458 -0.1703505 1.4169770 -0.0347801 0.6280782 -0.0493700 0.7758033
1520531900.454771 6.1595306 -0.1809288 1.3928480 -0.0456503 0.6304007 -0.0729224 0.7714878
1520531900.704565 6.1688485 -0.1785195 1.3956929 -0.0587973 0.6377612 -0.0546393 0.7660406
1520531903.255791 6.1815987 -0.1761680 1.3865571 -0.0479883 0.7684463 -0.0006294 0.6381121
1520531903.555818 6.1792998 -0.1756074 1.3861319 -0.0446950 0.7722082 0.0010137 0.6337948
1520531903.705823 6.1776681 -0.1755457 1.3852900 -0.0462237 0.7756640 0.0036588 0.6294405
1520531903.855730 6.1767478 -0.1757843 1.3829641 -0.0291539 0.7982506 0.0154294 0.6014216
1520531904.155739 6.1700182 -0.1754366 1.3726442 -0.0144471 0.8955907 0.0298134 0.4436437
1520531904.305489 6.1641521 -0.1741950 1.3673775 -0.0030834 0.9411460 0.0478461 0.3345826
1520531904.455493 6.1541767 -0.1742218 1.3597178 -0.0132449 0.9657891 0.0560538 0.2528515
1520531904.654769 6.1447744 -0.1707301 1.3360510 -0.0298745 0.9764706 0.0571756 0.2057758
1520531904.804774 6.1426907 -0.1722153 1.3195734 -0.0234836 0.9816927 0.0352309 0.1857058
1520531904.904776 6.1455903 -0.1729386 1.3107935 -0.0282703 0.9830470 0.0317273 0.1783612
1520531905.004781 6.1498127 -0.1733999 1.3014550 -0.0290102 0.9855522 0.0229626 0.1652816
1520531905.104278 6.1547546 -0.1744861 1.2915192 -0.0185906 0.9879823 0.0176236 0.1524292
1520531905.204281 6.1597652 -0.1771954 1.2810874 -0.0213062 0.9906018 0.0094947 0.1347741
1520531905.503936 6.1709065 -0.1826144 1.2470427 -0.0011711 0.9963431 0.0389259 0.0760514
1520531905.603940 6.1744142 -0.1814258 1.2353873 0.0045512 0.9960625 0.0691443 0.0552977
1520531905.703943 6.1790948 -0.1799364 1.2220612 0.0078968 0.9947879 0.0924590 0.0422598
1520531905.853947 6.1849775 -0.1816793 1.1970439 0.0126907 0.9966931 0.0706886 0.0380122
1520531906.154406 6.2064567 -0.1923461 1.1560766 -0.0148959 0.9990468 0.0401721 0.0083544
1520531906.304662 6.2218151 -0.1941653 1.1369011 -0.0262649 0.9989918 0.0306022 -0.0197207
1520531906.604671 6.2677093 -0.2028259 1.0999388 -0.0438230 0.9989707 0.0069542 -0.0094216
1520531906.754348 6.2871828 -0.2028803 1.0826614 -0.0557517 0.9965795 -0.0012702 0.0609877
1520531906.904353 6.3106647 -0.2017923 1.0643198 -0.0560042 0.9899657 -0.0255149 0.1272024
1520531907.054358 6.3363891 -0.2019357 1.0500028 -0.0448870 0.9792240 -0.0249313 0.1961732
1520531907.204076 6.3617406 -0.2027852 1.0404782 -0.0491940 0.9639375 -0.0088980 0.2613910
1520531907.354080 6.3895178 -0.2023088 1.0294800 -0.0262703 0.9490461 -0.0058083 0.3139868
1520531907.504113 6.4144669 -0.2028451 1.0169394 -0.0191538 0.9481043 -0.0096340 0.3172359
1520531907.954072 6.4583411 -0.2032022 0.9547784 0.0098083 0.9768961 0.0232085 0.2122242
1520531908.104076 6.4697576 -0.2059708 0.9292532 0.0227889 0.9807321 0.0073598 0.1938838
1520531908.403942 6.4883437 -0.2137098 0.8814158 0.0225168 0.9884140 -0.0069973 0.1499394
1520531908.503945 6.4944634 -0.2160091 0.8635151 0.0293053 0.9902093 -0.0238548 0.1343787
1520531908.603948 6.4993043 -0.2194859 0.8451917 0.0246571 0.9939378 -0.0394920 0.0995987
1520531908.753761 6.5000210 -0.2249839 0.8188468 0.0189638 0.9990642 -0.0330459 0.0204711
1520531908.853764 6.4983816 -0.2281010 0.8018786 0.0135913 0.9987881 -0.0344873 -0.0323764
1520531909.003769 6.4940381 -0.2303563 0.7758875 0.0156856 0.9932035 -0.0735574 -0.0888265
1520531909.153797 6.4859056 -0.2352590 0.7541028 0.0026862 0.9837358 -0.1091578 -0.1426227
1520531909.303802 6.4741821 -0.2404525 0.7407494 -0.0003164 0.9637600 -0.1107498 -0.2426952
1520531909.453807 6.4602766 -0.2435269 0.7377045 -0.0056705 0.9194504 -0.1123964 -0.3767570
1520531909.653933 6.4472651 -0.2459446 0.7480984 0.0332960 -0.8165888 0.1203418 0.5635530
1520531909.853938 6.4449081 -0.2450726 0.7697384 0.0227046 -0.7067755 0.0950868 0.7006508
1520531910.053854 6.4493928 -0.2438269 0.8001338 0.0292455 -0.6014491 0.0819385 0.7941598
1520531910.253861 6.4579039 -0.2399977 0.8325825 0.0254867 -0.4898449 0.0525675 0.8698500
1520531910.454196 6.4664736 -0.2327093 0.8648636 -0.0022359 -0.3563719 0.0401322 0.9334792
1520531910.654202 6.4757128 -0.2309200 0.8935521 0.0072385 -0.2062519 0.0273288 0.9780904
1520531910.854164 6.4878459 -0.2345521 0.9151064 0.0273212 -0.0518251 0.0197327 0.9980873
1520531911.054171 6.5035248 -0.2332260 0.9301710 0.0166012 0.0878325 0.0065767 0.9959752
1520531911.203874 6.5170879 -0.2312226 0.9380544 0.0238633 0.1632379 0.0090279 0.9862568
1520531911.353879 6.5309505 -0.2315478 0.9408255 0.0471169 0.2285479 0.0030797 0.9723870
1520531911.503885 6.5419712 -0.2301401 0.9366589 0.0348579 0.3205144 -0.0045978 0.9465909
1520531911.604033 6.5464821 -0.2270291 0.9326103 0.0175543 0.4190328 -0.0031394 0.9077959
1520531911.804039 6.5457530 -0.2176459 0.9270500 -0.0045378 0.5773865 -0.0005943 0.8164582
1520531911.904042 6.5422478 -0.2124772 0.9275792 -0.0141937 0.6437718 0.0070065 0.7650537
1520531912.104814 6.5324187 -0.1989387 0.9342384 -0.0486734 0.7215952 0.0729560 0.6867378
1520531912.254818 6.5231180 -0.1879727 0.9392881 -0.0885750 0.7570572 0.1260085 0.6349335
1520531912.455151 6.5079241 -0.1750174 0.9470378 -0.1591410 0.7601905 0.2187261 0.5907143
1520531913.055516 6.4869566 -0.2078866 0.9700184 -0.0169210 0.8266523 0.0449354 0.5606607
1520531913.305007 6.4778938 -0.2311772 0.9812217 0.0689383 0.8268393 -0.0886290 0.5511162
1520531913.555015 6.4662423 -0.2430117 0.9939809 0.0960624 0.8299919 -0.1662047 0.5236998
1520531914.204639 6.4515176 -0.1929507 1.0072339 -0.0835320 0.8322690 0.1409023 0.5296201
1520531914.455342 6.4457045 -0.1770182 1.0100878 -0.1108986 0.8261181 0.2074725 0.5120405
1520531914.705350 6.4439611 -0.1866522 0.9997032 -0.0634893 0.8953244 0.1305655 0.4210891
1520531915.105269 6.4229469 -0.2139899 0.9896902 -0.0030928 0.9771759 -0.0024811 0.2123947
1520531915.404257 6.3945217 -0.2330099 0.9925332 0.0174435 0.9900001 -0.1171659 0.0766012
1520531915.704029 6.3583264 -0.2282008 1.0049081 0.0245351 0.9946084 -0.1000265 0.0121206
1520531916.004038 6.3117299 -0.2096947 1.0265549 0.0218941 0.9909614 -0.0421331 -0.1254632
1520531916.254125 6.2738171 -0.1963467 1.0533526 0.0435199 0.9437985 -0.0131788 -0.3273786
1520531916.454131 6.2513399 -0.1951284 1.0782969 0.0469507 0.8775293 -0.0197894 -0.4768086
1520531916.654457 6.2360744 -0.1955650 1.1090380 -0.0506018 -0.7851723 0.0252173 0.6166912
1520531916.904919 6.2215681 -0.1885286 1.1493564 -0.0730128 -0.6794816 0.0285153 0.7294936
1520531917.104926 6.2109151 -0.1882035 1.1799366 -0.0660298 -0.6030212 0.0387945 0.7940406
1520531917.304932 6.2018409 -0.1888117 1.2075112 -0.0672286 -0.5193268 0.0278745 0.8514711
1520531917.505825 6.1919799 -0.1866509 1.2322385 -0.0558950 -0.4277197 0.0358915 0.9014674
1520531917.655829 6.1865625 -0.1873028 1.2500765 -0.0612914 -0.3726116 0.0313237 0.9254311
1520531917.857015 6.1786852 -0.1853267 1.2734742 -0.0739663 -0.2928904 0.0283037 0.9528605
1520531918.007020 6.1723094 -0.1850090 1.2936615 -0.0779670 -0.2597052 0.0282598 0.9621204
1520531918.605594 6.1479731 -0.1688184 1.3686217 0.0025420 -0.0405091 0.0303566 0.9987147
1520531918.955136 6.1598077 -0.1802599 1.3928820 -0.0590655 0.1935876 0.0658570 0.9770865
1520531919.455844 6.2108479 -0.1687976 1.4194313 -0.0032659 0.5465198 0.0421927 0.8363762
1520531919.655850 6.2340398 -0.1712847 1.4100151 0.0213643 0.6267111 0.0217979 0.7786537
1520531919.857964 6.2526717 -0.1750694 1.4019496 0.0142071 0.6769914 0.0193843 0.7355984
1520531920.057970 6.2678242 -0.1796231 1.4048769 0.0004802 0.7099296 -0.0099425 0.7042023
1520531920.259485 6.2856874 -0.1751644 1.4077679 0.0129958 0.6900542 0.0002471 0.7236410
1520531920.459493 6.3355498 -0.1746934 1.4145279 -0.0014306 0.6907834 -0.0008648 0.7230598
1520531920.660283 6.3680549 -0.1745913 1.4186985 -0.0080933 0.6908253 -0.0087177 0.7229239
1520531920.860289 6.4170761 -0.1664281 1.4268067 -0.0296861 0.7028638 0.0067807 0.7106724
1520531921.059935 6.4688592 -0.1626797 1.4268618 -0.0415822 0.7037233 0.0014746 0.7092547
1520531921.259941 6.5012217 -0.1868353 1.4339132 -0.0535783 0.6812685 -0.0446041 0.7287065
1520531921.458447 6.5358391 -0.1938614 1.4474422 -0.0741406 0.6575795 -0.0490641 0.7481210
1520531921.658453 6.5668635 -0.1992062 1.4474956 -0.0481938 0.6385103 -0.0804300 0.7638803
1520531922.056721 6.6060572 -0.1952911 1.4594967 -0.0086512 0.6671953 -0.0553598 0.7427725
1520531922.255723 6.6301517 -0.1978772 1.4654222 0.0114237 0.6318580 -0.1033065 0.7680838
1520531922.455666 6.6469202 -0.2025471 1.4728068 -0.0053042 0.5710050 -0.1535487 0.8064415
1520531922.555669 6.6556187 -0.2032930 1.4771428 -0.0223162 0.5433401 -0.1747156 0.8208276
1520531922.755564 6.6719775 -0.2040689 1.4848971 -0.0279904 0.5035240 -0.1708169 0.8464642
1520531922.855567 6.6793737 -0.2047284 1.4884533 -0.0339380 0.4831367 -0.1549826 0.8610503
1520531922.955571 6.6863651 -0.2047369 1.4929683 -0.0403847 0.4600001 -0.1362524 0.8764727
1520531923.407327 6.7092619 -0.2066780 1.5209246 0.0104027 0.2105402 -0.2155108 0.9534777
1520531923.508619 6.7117267 -0.2085343 1.5286938 0.0041542 0.1553800 -0.2313106 0.9603828
1520531923.608622 6.7141037 -0.2076172 1.5355254 0.0063514 0.1121311 -0.2398448 0.9642929
1520531924.057112 6.7155614 -0.2062766 1.5666795 0.0032201 -0.0275372 -0.2540350 0.9667976
1520531924.207117 6.7149796 -0.2050907 1.5773399 0.0209179 -0.0825793 -0.2454552 0.9656577
1520531924.455547 6.7117119 -0.2026710 1.5943369 0.0058409 -0.1842173 -0.2377151 0.9536883
1520531924.804737 6.6981997 -0.1932015 1.6143341 -0.0279005 -0.3077139 -0.2020908 0.9293509
1520531924.904741 6.6929631 -0.1905100 1.6190913 -0.0407794 -0.3497355 -0.1817914 0.9181362
1520531925.404581 6.6596546 -0.1841637 1.6317461 -0.0782791 -0.5642104 -0.0693874 0.8189777
1520531925.904676 6.6203232 -0.2044058 1.6404709 0.0321549 -0.6480398 0.0711036 0.7575980
1520531926.054680 6.6112609 -0.2109586 1.6482131 0.0378866 -0.6313047 0.0679378 0.7716239
1520531926.204685 6.6036253 -0.2154185 1.6565040 0.0681100 -0.5915999 0.0783071 0.7995239
1520531926.354546 6.5969653 -0.2160500 1.6662698 0.0642816 -0.5466253 0.0776527 0.8312874
1520531926.905340 6.5841937 -0.1958154 1.7047800 -0.0527327 -0.2991717 -0.0381169 0.9519783
1520531927.255408 6.5893993 -0.1794466 1.7255158 -0.0812851 -0.0706235 -0.0576347 0.9925136
1520531927.705512 6.6114473 -0.1796882 1.7466929 -0.0888134 0.2014770 -0.0845613 0.9717863
1520531927.855517 6.6188860 -0.1850722 1.7518764 -0.0586351 0.2916023 -0.0758151 0.9517258
1520531928.306105 6.6390953 -0.2062126 1.7552140 0.1339507 0.5248454 -0.1086674 0.8335382
1520531928.454697 6.6454716 -0.2091650 1.7532539 0.1498896 0.5865004 -0.0838654 0.7915282
1520531928.604702 6.6530657 -0.2087386 1.7503765 0.1651876 0.6395230 -0.0493630 0.7491907
1520531928.754707 6.6609769 -0.2050990 1.7462740 0.1730580 0.6993632 -0.0328614 0.6927208
1520531928.904781 6.6685886 -0.1987488 1.7411859 0.1576457 0.7674278 0.0061637 0.6214213
1520531929.104788 6.6775475 -0.1874797 1.7335536 0.1195086 0.8417925 0.0488846 0.5241311
1520531929.306793 6.6842012 -0.1770924 1.7265222 0.1117812 0.9013456 0.0923058 0.4081186
1520531929.606774 6.6874981 -0.1664770 1.7114205 0.0180694 0.9709356 0.1457624 0.1889730
1520531929.806781 6.6747894 -0.1633570 1.6967682 -0.0633104 0.9840153 0.1379021 0.0932132
1520531930.057138 6.6594982 -0.1716306 1.6802704 -0.1672954 0.9783798 0.1034797 -0.0638519
1520531930.407126 6.6462841 -0.1949397 1.6646571 -0.3751709 0.8742325 0.0707337 -0.2999351
1520531930.707136 6.6340036 -0.2122489 1.6603045 -0.4887460 0.7515197 0.1605497 -0.4130004
1520531931.455143 6.6099243 -0.2232313 1.6636827 0.2786709 -0.2625012 -0.6760821 0.6295623
1520531931.655679 6.6035881 -0.2184298 1.6686573 0.1483637 -0.1632368 -0.7652965 0.6047009
1520531931.955740 6.5952115 -0.2070506 1.6816950 -0.0328007 -0.0731526 -0.8118859 0.5782855
1520531932.405804 6.5912342 -0.1894200 1.7049656 -0.2464787 -0.0051900 -0.6140572 0.7497700
1520531932.655820 6.5912404 -0.1798923 1.7173983 -0.3518665 0.0295440 -0.3446604 0.8697852
1520531932.857916 6.5921302 -0.1748925 1.7284236 -0.3011347 0.0716082 -0.0768581 0.9477779
1520531933.057923 6.5953083 -0.1736718 1.7403808 -0.1907797 0.1526264 0.1812860 0.9525984
1520531933.257928 6.6026649 -0.1794814 1.7521996 -0.0095695 0.2370485 0.3842470 0.8922279
1520531933.508984 6.6184635 -0.1903895 1.7612300 0.2428579 0.3210784 0.5120146 0.7587949
1520531934.055949 6.6597142 -0.1984480 1.7467289 0.5758231 0.5615467 0.3771649 0.4591727
1520531934.306686 6.6706362 -0.1954229 1.7306106 0.6213595 0.6561267 0.2568931 0.3426604
1520531934.806086 6.6725435 -0.1885134 1.7001090 0.4028153 0.9051999 0.0990695 0.0924023
1520531935.006261 6.6660953 -0.1886345 1.6906134 0.2611689 0.9628422 0.0687427 -0.0002963
1520531935.307634 6.6557345 -0.1932762 1.6791472 -0.0361219 0.9985272 0.0110003 -0.0389558
1520531935.707647 6.6582627 -0.2069710 1.6590166 -0.3653394 0.9269152 -0.0123065 0.0848758
1520531935.907069 6.6687570 -0.2091383 1.6449733 -0.4147787 0.8944664 -0.0234841 0.1653390
1520531936.107074 6.6794047 -0.2082324 1.6301950 -0.3412330 0.9044765 -0.0775703 0.2438546
1520531936.308877 6.6914344 -0.2086734 1.6167359 -0.2058007 0.9329510 -0.1256250 0.2673331
1520531936.508883 6.7029366 -0.2022357 1.6014075 -0.0419129 0.9650914 -0.1339896 0.2211078
1520531936.759043 6.7097363 -0.2032519 1.5798259 0.0877048 0.9728744 -0.1084376 0.1845658
1520531937.007965 6.7145524 -0.2010654 1.5607479 0.1296675 0.9768670 -0.0857151 0.1468675
1520531937.406941 6.7188077 -0.2024899 1.5318428 0.0661051 0.9806913 -0.1141375 0.1443863
1520531937.706950 6.7285089 -0.2057354 1.5147156 0.0539810 0.9599332 -0.1087970 0.2525423
1520531937.957431 6.7433839 -0.2120596 1.5030234 0.0660806 0.9077541 -0.1260170 0.3946335
1520531938.258308 6.7669353 -0.2168478 1.4907429 0.0322124 0.8376662 -0.1439241 0.5258931
1520531938.408312 6.7700438 -0.2165146 1.4813591 0.0155874 0.8175808 -0.1368459 0.5590993
1520531938.757179 6.7949610 -0.2224486 1.4960347 -0.0540354 0.6585597 -0.1577466 0.7338224
1520531938.907184 6.8146062 -0.2305704 1.5067214 -0.0729205 0.5203521 -0.1743984 0.8327674
1520531939.055949 6.8185129 -0.2283319 1.5157890 -0.0723729 0.3873916 -0.1973626 0.8976291
1520531939.505461 6.8540392 -0.2227787 1.5446793 -0.0100183 -0.0139859 -0.1910932 0.9814211
1520531939.655465 6.8329396 -0.2225430 1.5469416 -0.0198944 -0.0510803 -0.1657649 0.9846405
1520531939.805185 6.8382330 -0.2176877 1.5558345 -0.0052349 -0.1549397 -0.1211206 0.9804571
1520531939.905188 6.8318019 -0.2213375 1.5610155 -0.0129834 -0.1894830 -0.0953866 0.9771535
1520531940.055260 6.8307066 -0.2226896 1.5692025 -0.0269862 -0.2606712 -0.0768585 0.9619849
1520531940.255071 6.8181615 -0.2206980 1.5804280 -0.0270085 -0.2633229 -0.0460109 0.9632313
1520531940.555080 6.8125153 -0.2228709 1.5984510 -0.0260132 -0.2257893 0.0032389 0.9738234
1520531940.755010 6.8091211 -0.2194250 1.6120460 0.0047780 -0.1987768 0.0381121 0.9792918
1520531940.855013 6.8079138 -0.2195001 1.6188370 0.0044413 -0.1814459 0.0421033 0.9824892
1520531940.955016 6.8062673 -0.2195791 1.6252091 -0.0050751 -0.1669381 0.0454440 0.9849065
1520531941.205331 6.8029442 -0.2178338 1.6436043 0.0037991 -0.1431333 0.0411019 0.9888423
1520531941.355335 6.8019118 -0.2180187 1.6539013 0.0254761 -0.1093503 0.0225757 0.9934202
1520531941.505429 6.8021274 -0.2161181 1.6642201 0.0348575 -0.1012775 0.0016429 0.9942460
1520531941.655440 6.7987113 -0.2170247 1.6741495 0.0044965 -0.0822074 -0.0148875 0.9964939
1520531941.805439 6.7962894 -0.2157998 1.6855634 0.0123459 -0.0988437 -0.0088513 0.9949870
1520531941.955096 6.7941899 -0.2154085 1.6955864 0.0207304 -0.1068017 -0.0118229 0.9939939
1520531942.105101 6.7924581 -0.2142720 1.7049990 -0.0033952 -0.1123416 -0.0088759 0.9936242
1520531942.254956 6.7916160 -0.2126718 1.7153165 -0.0101181 -0.1037135 -0.0160679 0.9944260
1520531942.404960 6.7917261 -0.2119936 1.7257390 0.0221882 -0.0944638 -0.0185930 0.9951073
1520531942.554965 6.7912550 -0.2126709 1.7356770 0.0317147 -0.0848917 -0.0212363 0.9956589
1520531942.704923 6.7909789 -0.2124324 1.7456114 0.0182261 -0.0745985 -0.0171596 0.9968994
1520531942.854927 6.7907529 -0.2116498 1.7562399 0.0317831 -0.0770676 -0.0062359 0.9964997
1520531943.004931 6.7913423 -0.2120044 1.7659788 0.0533457 -0.0384558 -0.0039947 0.9978274
1520531943.105489 6.7925658 -0.2119838 1.7712306 0.0490135 0.0061592 0.0038004 0.9987719
1520531943.205492 6.7943845 -0.2121843 1.7755445 0.0401185 0.0746119 -0.0070994 0.9963800
1520531943.355497 6.7985029 -0.2120377 1.7797773 0.0331357 0.2097710 -0.0239095 0.9768963
1520531943.455500 6.8015947 -0.2122841 1.7806556 0.0399344 0.3207472 -0.0186917 0.9461380
1520531943.556299 6.8045120 -0.2128277 1.7794960 0.0586492 0.4422020 -0.0136331 0.8948920
1520531943.706304 6.8077927 -0.2145272 1.7733619 0.0681566 0.6159080 -0.0295654 0.7843073
1520531943.856309 6.8091426 -0.2147450 1.7639401 0.0703499 0.7577749 -0.0401731 0.6474675
1520531944.055513 6.8071218 -0.2173539 1.7508757 0.0780129 0.8713017 -0.0607475 0.4806839
1520531944.255520 6.8034544 -0.2186738 1.7381239 0.0488067 0.9432622 -0.0282241 0.3272272
1520531944.405552 6.8023753 -0.2175991 1.7275883 0.0216832 0.9751344 -0.0127621 0.2201812
1520531944.555557 6.7988110 -0.2179409 1.7157006 0.0135950 0.9883087 -0.0174581 0.1508519
1520531944.705455 6.7957888 -0.2188569 1.7056556 0.0043423 0.9980218 -0.0276355 0.0563010
1520531944.855460 6.7937150 -0.2193780 1.6966143 0.0109518 0.9993700 -0.0333424 -0.0052797
1520531945.005465 6.7939730 -0.2186574 1.6880126 0.0016440 0.9971092 -0.0675798 -0.0346910
1520531945.155086 6.7916117 -0.2206388 1.6780726 -0.0213257 0.9981807 -0.0563885 -0.0008297
1520531945.305091 6.7906160 -0.2231282 1.6681254 -0.0508332 0.9975882 -0.0346199 0.0321737
1520531945.455096 6.7899575 -0.2248788 1.6578372 -0.0858267 0.9939875 -0.0178317 0.0656100
1520531945.654979 6.7932343 -0.2252010 1.6451237 -0.0917620 0.9866043 -0.0530260 0.1240153
1520531945.854986 6.7998972 -0.2225168 1.6342472 -0.0931765 0.9671322 -0.0856151 0.2205527
1520531946.055396 6.8094368 -0.2175943 1.6259158 -0.0916637 0.9324222 -0.0813728 0.3399485
1520531946.406742 6.8305387 -0.2177469 1.6166561 -0.0557399 0.8243417 -0.0767513 0.5580887
1520531946.606748 6.8434052 -0.2186650 1.6156616 -0.0613189 0.7534091 -0.0745256 0.6504312
1520531946.857382 6.8590698 -0.2206077 1.6151634 -0.0338991 0.7116855 -0.0961673 0.6950585
1520531947.107390 6.8738489 -0.2237759 1.6154237 -0.0317631 0.6618740 -0.1031768 0.7418008
1520531947.358186 6.8908997 -0.2252131 1.6189085 -0.0139325 0.5849852 -0.1093712 0.8035148
1520531947.607904 6.9049706 -0.2279287 1.6271422 -0.0313830 0.4762237 -0.1282965 0.8693481
1520531947.857913 6.9160595 -0.2302532 1.6396654 -0.0118712 0.3488795 -0.1739078 0.9208139
1520531948.106845 6.9210835 -0.2348111 1.6545217 0.0008152 0.1440623 -0.2005707 0.9690288
1520531948.356853 6.9189992 -0.2334723 1.6679615 -0.0134680 -0.1733108 -0.2020520 0.9638242
1520531948.605803 6.9123058 -0.2305511 1.6730504 -0.0389103 -0.5002000 -0.1780717 0.8465084
1520531948.855604 6.9004807 -0.2339357 1.6613607 -0.1045791 -0.7161211 -0.1213274 0.6793479
1520531949.105612 6.8900347 -0.2261308 1.6518377 -0.1282756 -0.8458270 0.0205506 0.5173970
1520531949.405467 6.8794236 -0.2239763 1.6377962 0.1940055 0.8538567 -0.0907116 -0.4744071
1520531949.655503 6.8677411 -0.2243324 1.6315254 -0.2238832 -0.7812560 0.1085870 0.5724722
1520531949.955512 6.8544087 -0.2258024 1.6335095 -0.1527200 -0.6036943 0.1374211 0.7702891
1520531950.205450 6.8463392 -0.2238012 1.6404693 -0.0696547 -0.4420579 0.0776773 0.8908980
1520531950.505606 6.8454790 -0.2240811 1.6514602 -0.0155803 -0.1537936 -0.0160341 0.9878500
1520531950.805616 6.8513832 -0.2247189 1.6577080 0.0452779 0.0723958 -0.0666472 0.9941161
1520531951.155514 6.8550663 -0.2238033 1.6487057 0.0847714 0.3814242 -0.1093462 0.9139873
1520531951.455630 6.8502030 -0.2203128 1.6329880 0.0878397 0.5880710 -0.0672097 0.8012113
1520531951.856670 6.8355880 -0.2156976 1.6100448 0.0381921 0.7456840 -0.0277320 0.6646259
1520531952.157676 6.8240581 -0.2128812 1.5911274 0.0507373 0.8513139 0.0066678 0.5221550
1520531952.457686 6.8160286 -0.2123039 1.5749414 0.0330659 0.9033684 -0.0064323 0.4275405
1520531952.706913 6.8143873 -0.2132219 1.5633800 0.0411973 0.8983166 -0.0250066 0.4366975
1520531952.956560 6.8147459 -0.2143280 1.5524285 0.0264943 0.8609504 -0.0023117 0.5079933
1520531953.506476 6.8313599 -0.2157130 1.5251818 0.0168437 0.7759682 -0.0285452 0.6299006
1520531953.706260 6.8416390 -0.2241993 1.5129167 -0.0081606 0.7616366 0.0150924 0.6477773
1520531953.956267 6.8588428 -0.2291045 1.5036019 -0.0064677 0.6957976 0.0142785 0.7180668
1520531954.156593 6.8744512 -0.2323149 1.5139585 -0.0323902 0.6612662 0.0059391 0.7494282
1520531954.356599 6.8894358 -0.2336323 1.5225989 -0.0274698 0.6131600 0.0080724 0.7894397
1520531954.557203 6.9143028 -0.2350377 1.5308430 -0.0070683 0.5983944 -0.0148214 0.8010334
1520531954.757209 6.9423833 -0.2329132 1.5310829 0.0000809 0.6390506 -0.0012691 0.7691636
1520531954.907214 6.9554734 -0.2315002 1.5284576 0.0085656 0.6585279 0.0123124 0.7524068
1520531955.108067 6.9745150 -0.2317274 1.5271714 0.0311765 0.6646053 0.0273727 0.7460420
1520531955.308074 6.9977226 -0.2356401 1.5316825 0.0259275 0.6621078 0.0072540 0.7489249
1520531955.508917 7.0091767 -0.2354156 1.5354280 0.0305189 0.6587406 0.0158681 0.7515834
1520531955.708923 7.0175099 -0.2378343 1.5331882 0.0304199 0.6606969 -0.0000855 0.7500362
1520531955.908673 7.0248766 -0.2368162 1.5290688 0.0272989 0.6709040 -0.0058188 0.7410187
1520531956.108679 7.0808873 -0.2482708 1.5464270 0.0624556 0.6668259 0.0091728 0.7425351
1520531956.257845 7.0930829 -0.2495876 1.5470603 0.0649539 0.6675709 -0.0051327 0.7416898
1520531956.656789 7.1308770 -0.2503255 1.5443022 0.0436847 0.6676522 -0.0150061 0.7430390
1520531956.806793 7.1470904 -0.2508588 1.5416951 0.0346682 0.6719387 -0.0218725 0.7394716
1520531956.956798 7.1655579 -0.2480242 1.5357205 0.0297868 0.6771764 -0.0079001 0.7351752
1520531957.156290 7.1934385 -0.2463053 1.5259984 0.0710734 0.6870222 0.0286604 0.7225840
1520531957.356297 7.2477689 -0.2547389 1.5140033 0.0941337 0.7038258 0.0232143 0.7037252
1520531957.556756 7.3154197 -0.2677110 1.5097661 0.1031801 0.7487142 0.0293073 0.6541575
1520531957.706761 7.3314838 -0.2694266 1.4975559 0.1247127 0.7914912 0.0377062 0.5971320
1520531958.007728 7.3675237 -0.2721187 1.4801993 0.1260376 0.8932155 0.0678790 0.4262311
1520531958.157733 7.3791814 -0.2805630 1.4419651 0.1389686 0.9112728 0.0841508 0.3784022
1520531958.456913 7.4864540 -0.2650985 1.4161947 0.1682574 0.9505735 0.0531756 0.2554835
1520531958.556916 7.5052066 -0.2587988 1.3818196 0.1650538 0.9604902 0.0583147 0.2163682
1520531958.655947 7.5073004 -0.2517147 1.3643458 0.1620301 0.9685048 0.0485124 0.1827324
1520531958.955957 7.5319700 -0.2400544 1.2516010 0.0899402 0.9837889 0.0082714 0.1549250
1520531959.105588 7.5641780 -0.2552803 1.2047286 0.0521244 0.9842492 0.0177404 0.1679935
1520531959.255594 7.5884786 -0.2596153 1.1794811 0.0321265 0.9768664 0.0168702 0.2107495
1520531959.555463 7.6281910 -0.2704460 1.1331968 -0.0064583 0.9095942 -0.0572164 0.4114887
1520531959.655466 7.6507063 -0.2600680 1.1157358 -0.0039988 0.8698998 -0.0584624 0.4897351
1520531959.755469 7.7056727 -0.2665844 1.0942242 -0.0052529 0.8331360 -0.0588287 0.5499054
1520531960.155559 7.8453388 -0.2827860 1.0507294 0.0567324 0.7590957 -0.0523277 0.6463876
1520531960.305581 7.9002028 -0.2853447 1.0251261 0.1125927 0.7532313 -0.0387818 0.6468860
1520531960.555589 7.9801722 -0.3139280 0.9844401 0.1864830 0.7815542 -0.0253682 0.5947719
1520531960.705611 8.0219707 -0.3242807 0.9518328 0.1970835 0.8201652 -0.0147984 0.5369062
1520531961.005621 8.0927887 -0.3346934 0.8708234 0.1865464 0.8990567 -0.0470710 0.3932961
1520531961.155810 8.1193914 -0.3407522 0.8272254 0.1575113 0.9396099 -0.0266642 0.3026753
1520531961.305815 8.1469574 -0.3392182 0.7807500 0.1378157 0.9626467 0.0012325 0.2330595
1520531961.455820 8.1802330 -0.3401577 0.7300410 0.1380828 0.9706068 -0.0194254 0.1961586
1520531961.605647 8.1955280 -0.3406851 0.6825778 0.1215311 0.9789329 -0.0241803 0.1622834
1520531961.805654 8.1862450 -0.3158623 0.5831013 0.1111470 0.9780535 -0.0197549 0.1751215
1520531962.005485 8.2566929 -0.3504873 0.5441663 0.0990400 0.9881256 -0.0247926 0.1148226
1520531962.155490 8.2704525 -0.3522012 0.4911619 0.0707409 0.9898192 -0.0238929 0.1211723
1520531962.305481 8.2651014 -0.3306141 0.4246199 0.0341567 0.9883965 -0.0329610 0.1442889
1520531962.455486 8.3034468 -0.3485473 0.3761897 0.0124687 0.9842892 -0.0359537 0.1724143
1520531962.605491 8.3427849 -0.3644074 0.3336816 -0.0149353 0.9715593 -0.0843069 0.2207755
1520531962.706391 8.3719482 -0.3742210 0.3079312 -0.0338991 0.9581788 -0.0997041 0.2660888
1520531962.856395 8.4190063 -0.3832501 0.2787712 -0.0570343 0.9323988 -0.1120322 0.3388632
1520531963.006400 8.4654827 -0.3987081 0.2562969 -0.0652171 0.8953583 -0.1318434 0.4203540
1520531963.156993 8.5151691 -0.4177487 0.2492473 -0.0723509 0.8517575 -0.1603108 0.4935332
1520531963.306997 8.5641232 -0.4387572 0.2504439 -0.0550810 0.7894882 -0.1820475 0.5835522
1520531963.457002 8.6154642 -0.4441823 0.2730960 -0.0413761 0.7192417 -0.1853876 0.6682895
1520531963.606045 8.6573019 -0.4437969 0.3079858 -0.0177863 0.6321665 -0.2072614 0.7463859
1520531963.756050 8.6908703 -0.4484125 0.3385968 -0.0067944 0.5143981 -0.1900199 0.8362063
1520531963.906054 8.7102833 -0.4496196 0.3813434 0.0041077 0.3880744 -0.1803821 0.9037941
1520531964.055729 8.7172670 -0.4503977 0.4240410 0.0162572 0.2815434 -0.1860270 0.9412029
1520531964.255734 8.7105055 -0.4503537 0.4758506 0.0355667 0.1261165 -0.1811237 0.9746917
1520531964.405819 8.6950579 -0.4494410 0.5054702 0.0378972 0.0004968 -0.1851814 0.9819732
1520531964.555823 8.6731491 -0.4425152 0.5247602 0.0410969 -0.1564994 -0.1744820 0.9712749
1520531964.705827 8.6465340 -0.4319480 0.5305653 0.0442249 -0.3021888 -0.1695424 0.9370067
1520531964.905843 8.6100502 -0.4181979 0.5170741 0.0186064 -0.4547366 -0.1762678 0.8728104
1520531965.105850 8.5686941 -0.4092268 0.4827440 0.0028393 -0.5755178 -0.1505339 0.8038101
1520531965.305924 8.5313263 -0.3971927 0.4323589 -0.0348758 -0.6735415 -0.1084572 0.7303167
1520531965.505929 8.4890089 -0.3894029 0.3799867 -0.0535390 -0.7292859 -0.0641033 0.6790923
1520531965.805967 8.4190722 -0.3716372 0.3369265 -0.0926484 -0.7629660 -0.0024089 0.6397604
1520531966.006029 8.3664370 -0.3565424 0.3439401 -0.0905478 -0.7319720 0.0405110 0.6740748
1520531966.256037 8.3217154 -0.3627045 0.3695250 -0.0626008 -0.6034498 0.0422492 0.7938164
1520531966.505911 8.3001289 -0.3736224 0.4394567 -0.0388406 -0.4389169 -0.0092465 0.8976402
1520531966.755919 8.2883911 -0.3551206 0.5278301 -0.0506421 -0.3450736 -0.0585822 0.9353757
1520531967.005813 8.2752247 -0.3477094 0.5959561 -0.0234908 -0.2949069 -0.0964749 0.9503529
1520531967.255718 8.2303667 -0.3211743 0.6712546 0.0060114 -0.2512412 -0.0887320 0.9638301
1520531967.505726 8.2229433 -0.3365262 0.7568314 0.0071260 -0.2239691 -0.1078840 0.9685804
1520531967.705593 8.2031870 -0.3467203 0.8237765 -0.0226102 -0.1975338 -0.0996403 0.9749569
1520531967.905599 8.1591320 -0.3557735 0.8815711 -0.0015143 -0.2444099 -0.1142258 0.9629195
1520531968.105627 8.1033182 -0.3378641 0.9273882 0.0090953 -0.3261517 -0.1161729 0.9381078
1520531968.255632 8.0613613 -0.3317332 0.9605637 0.0036587 -0.3868094 -0.1436621 0.9108931
1520531968.405637 8.0156708 -0.3235735 0.9936233 0.0163419 -0.4310170 -0.1656915 0.8868504
1520531968.605950 7.9511375 -0.3179784 1.0258715 0.0472599 -0.4967872 -0.1673667 0.8502690
1520531968.805956 7.8777237 -0.2978752 1.0579197 0.0463389 -0.5745015 -0.1528563 0.8027676
1520531969.006066 7.8075595 -0.2753771 1.0737302 0.0748607 -0.6699147 -0.1326406 0.7266476
1520531969.305882 7.5973077 -0.1837943 0.9976335 0.1205361 -0.8004433 -0.0451473 0.5854257
1520531969.605891 7.5201468 -0.1814349 0.9529061 -0.0870717 0.8815391 0.0267763 -0.4632389
1520531969.905941 7.5054979 -0.1888881 0.9092453 -0.0747270 0.9436001 0.0273454 -0.3213831
1520531970.156202 7.5725727 -0.2083701 0.9871206 -0.0495195 0.9797667 -0.0153622 -0.1933108
1520531970.406211 7.5044184 -0.2174714 0.8149357 -0.0333070 0.9972281 -0.0053967 -0.0663149
1520531970.656386 7.4540372 -0.2076817 0.7331244 -0.0211759 0.9995334 -0.0219005 -0.0022097
1520531970.906213 7.4430871 -0.2111402 0.6503323 0.0048836 0.9982399 -0.0172520 0.0565290
1520531971.156221 7.4459829 -0.2201241 0.5651628 0.0240384 0.9922871 -0.0192363 0.1200770
1520531971.406014 7.4739857 -0.2278363 0.4864528 0.0188753 0.9757453 -0.0242409 0.2167421
1520531971.656022 7.5187969 -0.2367045 0.4128375 -0.0009776 0.9496242 -0.0860179 0.3013534
1520531972.105875 7.6346307 -0.2570884 0.3835187 -0.0091054 0.7533760 -0.1421881 0.6419690
1520531972.455885 7.6593394 -0.2488391 0.4427359 -0.0278108 0.4370414 -0.1354562 0.8887480
1520531972.955899 7.6089406 -0.2428861 0.5159302 -0.0223028 0.0363554 -0.0573094 0.9974450
1520531973.255908 7.5521855 -0.2181135 0.6082802 0.0075721 -0.0506709 -0.0189481 0.9985070
1520531973.605851 7.5615849 -0.2607231 0.7204039 0.0053383 -0.1383204 0.0102550 0.9903200
1520531973.856004 7.5409908 -0.2493827 0.8142383 0.0446624 -0.1262709 0.0092403 0.9909468
1520531974.106062 7.5766230 -0.2366684 0.8864745 0.0474614 -0.1201861 -0.0289555 0.9911934
1520531974.356822 7.6266346 -0.1854825 0.9569885 0.0985249 -0.1738520 -0.0670493 0.9775340
1520531974.607841 7.5963249 -0.2078983 1.0473577 0.0617644 -0.1675194 -0.0639196 0.9818537
1520531974.807846 7.5854402 -0.2065947 1.1232462 0.0757456 -0.1784271 -0.0599308 0.9792010
1520531975.007821 7.5770125 -0.2029388 1.2021319 0.0677506 -0.1293173 -0.0403013 0.9884648
1520531975.207829 7.5613408 -0.2648554 1.2343030 0.0274612 -0.0819671 -0.0288521 0.9958388
1520531975.507842 7.5383492 -0.2424859 1.2961545 0.0698657 0.0151919 0.0046804 0.9974297
1520531975.707848 7.5396805 -0.2443808 1.3145233 0.0390954 0.0963318 0.0218862 0.9943404
1520531975.859386 7.5602279 -0.2453007 1.3595614 0.0511151 0.1613401 0.0173302 0.9854219
1520531976.509066 7.7666779 -0.3272942 1.5634574 0.0838999 0.5646430 0.0374638 0.8202046
1520531976.707527 7.8225088 -0.3393068 1.5720358 0.0689904 0.5856435 0.0307919 0.8070402
1520531977.106879 7.9311457 -0.3562475 1.5940857 0.0668199 0.6268199 -0.0086531 0.7762455
1520531977.406888 7.9874935 -0.3866578 1.6533619 0.0820885 0.5943758 -0.0750408 0.7964595
1520531978.357229 7.9898119 -0.3642033 1.6600256 0.0660730 0.7647766 -0.0098297 0.6408232
1520531978.557236 7.9684138 -0.3573659 1.6642120 0.0590119 0.8208137 -0.0137538 0.5679730
1520531980.906667 7.8754110 -0.3451643 1.7371559 0.0577823 0.9958199 -0.0569977 -0.0418956
1520531981.957383 7.8739433 -0.3475854 1.7795630 0.0637180 0.9699464 -0.0538431 -0.2285714
1520531982.207396 7.8812213 -0.3447631 1.7814043 0.0568492 0.9752684 -0.0489686 -0.2078983
1520531983.807233 7.9220395 -0.3692610 1.9825337 0.0164617 0.9993628 0.0163278 0.0271349
1520531983.957237 7.9207306 -0.3662394 1.9956682 0.0104242 0.9971816 0.0042272 0.0741777
1520531984.107313 7.9193387 -0.3648008 2.0120194 -0.0001248 0.9944908 0.0182930 0.1032152
1520531984.257317 7.9183769 -0.3645658 2.0279393 0.0005668 0.9901105 0.0290682 0.1372437
1520531984.607297 7.9373431 -0.3711492 2.0686619 0.0010369 0.9658737 0.0253801 0.2577651
1520531984.807059 7.9551029 -0.3762267 2.0932367 0.0042854 0.9415430 0.0339741 0.3351479
1520531985.007065 7.9745808 -0.3829093 2.1121013 0.0184937 0.8973179 -0.0035425 0.4409829
1520531985.206557 8.0017395 -0.3932499 2.1233423 0.0481711 0.8450497 -0.0582297 0.5293202
1520531985.356562 8.0274029 -0.4058417 2.1287525 0.1037517 0.7982042 -0.1101807 0.5830659
1520531985.556568 8.0593576 -0.4293602 2.1345792 0.1785980 0.7216502 -0.1699860 0.6468604
1520531985.756104 8.0895805 -0.4442251 2.1442573 0.2480656 0.6250201 -0.1909949 0.7150764
1520531986.055914 8.1392775 -0.4507883 2.1671152 0.2395857 0.4335498 -0.1657439 0.8527381
1520531986.856481 8.2764673 -0.4228238 2.1993442 -0.1488135 0.1166909 -0.0913980 0.9776933
1520531987.056487 8.3108006 -0.4314035 2.2097461 -0.1795917 0.1193710 -0.1795584 0.9598209
1520531987.256677 8.3329716 -0.4533219 2.2284827 -0.0931547 0.1238680 -0.2723413 0.9496363
1520531987.356680 8.3358955 -0.4664156 2.2358494 -0.0405017 0.1169140 -0.3039311 0.9446251
1520531987.456683 8.3336563 -0.4792007 2.2420375 0.0245335 0.0902946 -0.3220989 0.9420708
1520531987.906476 8.2813845 -0.4834755 2.2387278 0.1719960 -0.1951551 -0.2577283 0.9305418
1520531988.106449 8.2468433 -0.4574084 2.2181790 0.1031422 -0.3298255 -0.2199338 0.9122532
1520531988.256453 8.2184238 -0.4389386 2.1970243 0.0660488 -0.3987885 -0.1963516 0.8933372
1520531988.556514 8.1603031 -0.4102766 2.1490078 0.0042684 -0.4925452 -0.1279722 0.8608159
1520531988.656517 8.1408281 -0.4030243 2.1348464 -0.0139223 -0.5218119 -0.1124072 0.8455076
1520531988.856523 8.0996904 -0.3908194 2.1122577 -0.0451261 -0.5669121 -0.0606625 0.8203014
1520531988.956504 8.0786781 -0.3916323 2.1067185 -0.0382071 -0.5799966 -0.0331831 0.8130455
1520531989.556429 7.9496164 -0.4088017 2.1132431 0.0502279 -0.5406610 0.1127930 0.8321301
1520531989.706251 7.9195528 -0.4131757 2.1275072 0.0675638 -0.4911046 0.1292853 0.8587996
1520531989.856255 7.8937817 -0.4137545 2.1483262 0.0758113 -0.4424476 0.1361785 0.8831468
1520531990.006260 7.8736382 -0.4101995 2.1734934 0.0838346 -0.3929954 0.1547629 0.9025380
1520531990.156457 7.8591523 -0.4045100 2.2034547 0.0954058 -0.3271214 0.1362609 0.9302270
1520531990.506739 7.8585835 -0.3950088 2.2664847 0.1118614 -0.1188847 0.0745575 0.9837655
1520531990.656744 7.8714852 -0.3915286 2.2884424 0.1131926 -0.0232019 0.0347851 0.9926929
1520531990.906752 7.9064074 -0.3999897 2.3025026 0.0980799 0.1295010 -0.0238838 0.9864276
1520531991.156421 7.9420667 -0.4312172 2.2878938 0.1655944 0.1766398 -0.0781251 0.9670953
1520531991.956599 8.0255013 -0.4462169 2.1671004 0.0960914 0.2746035 -0.0796082 0.9534264
1520531992.606511 8.0808048 -0.4233513 2.1025429 0.0551237 0.7042537 -0.0757412 0.7037410
1520531992.806517 8.1016083 -0.4415535 2.0987515 -0.0110470 0.7557548 -0.1688993 0.6326022
1520531993.006351 8.1253271 -0.4641666 2.1031234 -0.0435482 0.7360338 -0.2810389 0.6143085
1520531993.206358 8.1542683 -0.4802842 2.1120844 -0.0544632 0.6793520 -0.3734496 0.6293250
1520531993.406219 8.1852627 -0.4873331 2.1298146 -0.0842023 0.5801643 -0.4306420 0.6861973
1520531993.606263 8.2130604 -0.4813850 2.1599107 -0.0954412 0.4369620 -0.4399131 0.7787372
1520531994.456717 8.1608629 -0.3879888 2.2319446 -0.0911383 -0.4392644 -0.2711894 0.8515850
1520531994.656850 8.1264076 -0.3749640 2.1983395 -0.1034544 -0.5943181 -0.2055021 0.7706180
1520531994.806855 8.1040783 -0.3693981 2.1662009 -0.1155690 -0.6836978 -0.1611582 0.7023028
1520531995.057233 8.0699034 -0.3632312 2.1141241 -0.1034380 -0.7660238 -0.1074489 0.6252702
1520531995.307240 8.0434265 -0.3531379 2.0760896 -0.1019994 -0.8146493 -0.0899804 0.5637785
1520531995.557439 8.0182533 -0.3458580 2.0483141 -0.0937242 -0.8530444 -0.0911688 0.5051923
1520531995.807447 7.9896030 -0.3393687 2.0230618 0.0806416 0.8959906 0.0970772 -0.4257626
1520531996.058048 7.9658623 -0.3354821 1.9932399 0.0607147 0.9386788 0.0793247 -0.3300051
1520531996.258503 7.9477301 -0.3296484 1.9656513 0.0565904 0.9603363 0.0683076 -0.2643590
1520531996.508513 7.9287386 -0.3247253 1.9294465 0.0600632 0.9761873 0.0658713 -0.1977668
1520531996.808200 7.9236460 -0.3345030 1.8795215 0.0610376 0.9885140 0.0957754 -0.0997076
1520531997.157901 7.8676000 -0.3545088 1.7811391 0.0271981 0.9895898 0.0737173 0.1205744
1520531997.457554 7.9096575 -0.3377147 1.7351218 0.0329198 0.9709209 0.0277940 0.2354920
1520531998.057587 8.0262108 -0.3405740 1.6221027 0.0287562 0.8411950 0.0047402 0.5399458
1520531998.257593 8.0835114 -0.3554257 1.6180503 0.0344329 0.7685781 -0.0341723 0.6379141
1520531998.458731 8.1368284 -0.3582745 1.6139498 0.0307017 0.7154353 -0.0430594 0.6966747
1520531998.658737 8.1863003 -0.3704323 1.6162893 0.0266332 0.6982559 -0.0224098 0.7150015
1520531998.859764 8.2379913 -0.3792819 1.6156766 0.0622617 0.6742147 -0.0406246 0.7347841
1520531999.059771 8.2916670 -0.3807717 1.6196666 0.0642247 0.6496810 -0.0245174 0.7570923
1520531999.310099 8.3540821 -0.3949192 1.6315582 0.0462578 0.6144369 -0.0271720 0.7871399
1520531999.559524 8.4175882 -0.3957750 1.6468153 0.0542531 0.6127840 -0.0262805 0.7879478
1520531999.709528 8.4540329 -0.4044856 1.6521897 0.0582338 0.6274168 -0.0240151 0.7761316
1520531999.958644 8.5164251 -0.4106321 1.6610777 0.0491829 0.6483762 -0.0031626 0.7597232
1520532000.108663 8.5558586 -0.4124896 1.6708564 0.0607016 0.6358995 -0.0014421 0.7693797
1520532000.258653 8.5931587 -0.4217620 1.6801060 0.0593545 0.6252586 0.0116014 0.7780707
1520532000.408006 8.6297779 -0.4292319 1.6883607 0.0761288 0.6187465 0.0066747 0.7818649
1520532000.558010 8.6691685 -0.4302689 1.6944734 0.0761546 0.6304147 -0.0056964 0.7724929
1520532000.708015 8.7073021 -0.4354711 1.6974325 0.0594499 0.6549343 -0.0018263 0.7533415
1520532000.857956 8.7438431 -0.4435842 1.6958206 0.0418328 0.6847640 0.0027744 0.7275579
1520532001.309342 8.8625689 -0.4521776 1.6899257 0.0412469 0.7047307 0.0340556 0.7074558
1520532001.409345 8.8875532 -0.4583853 1.6879319 0.0311647 0.7013487 0.0303396 0.7114902
1520532001.560559 8.9284029 -0.4616153 1.6838574 0.0270205 0.7018782 -0.0038311 0.7117740
1520532001.660562 8.9556017 -0.4606963 1.6809938 0.0192501 0.7078324 -0.0202077 0.7058288
1520532001.810567 8.9925823 -0.4705963 1.6784339 -0.0029195 0.7174213 0.0018640 0.6966310
1520532001.960117 9.0288334 -0.4811902 1.6745367 0.0039728 0.7210234 -0.0069094 0.6928648
1520532002.110122 9.0674849 -0.4858529 1.6714119 0.0126400 0.7129649 -0.0379072 0.7000602
1520532002.260127 9.1053076 -0.4928314 1.6711013 0.0144506 0.6839812 -0.0737893 0.7256142
1520532002.409639 9.1406469 -0.5022313 1.6757995 0.0045237 0.6355790 -0.0926978 0.7664372
1520532002.659647 9.1976137 -0.5097827 1.6938047 -0.0191496 0.5503424 -0.1547800 0.8202436
1520532002.808612 9.2281027 -0.5138284 1.7101538 -0.0216148 0.5116134 -0.1691947 0.8421150
1520532002.958617 9.2534561 -0.5201371 1.7292905 -0.0361376 0.4604251 -0.1726975 0.8699876
1520532003.207730 9.2905083 -0.5207583 1.7687788 -0.0313218 0.3373322 -0.1911519 0.9212421
1520532003.407737 9.3121414 -0.5247358 1.8045208 -0.0309133 0.2319746 -0.1724859 0.9568076
1520532003.507740 9.3175879 -0.5281992 1.8234148 -0.0190472 0.1764650 -0.1750142 0.9684355
1520532003.607365 9.3233290 -0.5294613 1.8421850 -0.0145993 0.1297097 -0.1774509 0.9754350
1520532003.707368 9.3286572 -0.5284998 1.8613348 -0.0176028 0.0888904 -0.1734109 0.9806719
1520532003.807372 9.3331318 -0.5282712 1.8803029 -0.0144627 0.0694507 -0.1655581 0.9836453
1520532003.957376 9.3363867 -0.5315151 1.9082299 -0.0084152 0.0592691 -0.1517781 0.9866001
1520532004.057077 9.3380222 -0.5341514 1.9259552 -0.0028328 0.0415808 -0.1455526 0.9884723
1520532004.357087 9.3388186 -0.5327295 1.9848236 -0.0094582 -0.0389249 -0.1247681 0.9913770
1520532004.456877 9.3367300 -0.5338807 2.0039618 -0.0160052 -0.0711347 -0.1129113 0.9909262
1520532004.556879 9.3326511 -0.5370169 2.0227792 -0.0172657 -0.1062535 -0.1040847 0.9887257
1520532004.656883 9.3273621 -0.5396439 2.0408430 -0.0139939 -0.1381921 -0.0938122 0.9858531
1520532004.806887 9.3192844 -0.5401443 2.0696406 0.0025485 -0.1688950 -0.0893322 0.9815741
1520532004.907041 9.3129005 -0.5411893 2.0891325 0.0179461 -0.1776163 -0.0901385 0.9797987
1520532005.057045 9.3032856 -0.5445855 2.1167676 0.0213248 -0.1766158 -0.0830913 0.9805345
1520532005.207049 9.2925844 -0.5484855 2.1428049 0.0174345 -0.1716312 -0.0746162 0.9821768
1520532005.357419 9.2820950 -0.5490790 2.1711707 0.0405597 -0.1726039 -0.0561657 0.9825519
1520532005.507423 9.2729244 -0.5523854 2.2013595 0.0841559 -0.1700393 -0.0455262 0.9807812
1520532005.657267 9.2644510 -0.5591525 2.2289736 0.0961591 -0.1627655 -0.0428377 0.9810330
1520532005.807272 9.2583151 -0.5655583 2.2528043 0.1001894 -0.1620538 -0.0453263 0.9806356
1520532005.957277 9.2557878 -0.5695059 2.2731936 0.1165003 -0.1709097 -0.0424288 0.9774545
1520532006.107008 9.2590408 -0.5716707 2.2872849 0.1339332 -0.1437529 -0.0433910 0.9795480
1520532006.606842 9.3004560 -0.5721551 2.2629032 0.1191146 0.2279233 -0.0233694 0.9660831
1520532006.806848 9.3153620 -0.5727626 2.2308955 0.1238867 0.3932553 -0.0296260 0.9105628
1520532007.006873 9.3281822 -0.5750341 2.1989443 0.1439957 0.5200500 -0.0491525 0.8404744
1520532007.206879 9.3427420 -0.5764806 2.1722982 0.1474542 0.6141495 -0.0706424 0.7720670
1520532007.406912 9.3658781 -0.5773625 2.1522052 0.1223360 0.6688396 -0.1067902 0.7254539
1520532007.606919 9.3952484 -0.5833359 2.1385596 0.0974508 0.6931917 -0.1535357 0.6974348
1520532007.856836 9.4323540 -0.5901802 2.1295238 0.0670723 0.7003276 -0.1873115 0.6855341
1520532008.056841 9.4670792 -0.5921524 2.1260958 0.0765088 0.6826964 -0.1940664 0.7002930
1520532008.256783 9.5015202 -0.5984435 2.1268635 0.1028021 0.6528119 -0.1885408 0.7264438
1520532008.456740 9.5354834 -0.6044657 2.1324775 0.1084335 0.6213177 -0.1787734 0.7551467
1520532008.606684 9.5626907 -0.6051359 2.1384616 0.1076176 0.5932439 -0.1845617 0.7761554
1520532008.806690 9.5945759 -0.6109791 2.1535611 0.1100894 0.5269545 -0.1818871 0.8228708
1520532009.006809 9.6191521 -0.6182005 2.1721301 0.1212067 0.4416216 -0.1918378 0.8680308
1520532009.206815 9.6351242 -0.6215739 2.1971829 0.1569828 0.2892315 -0.2045554 0.9218777
1520532009.407022 9.6374893 -0.6251215 2.2219362 0.1715367 0.1159033 -0.2056108 0.9564862
1520532009.607028 9.6255007 -0.6260164 2.2421305 0.1759490 -0.0610364 -0.1964456 0.9626659
1520532009.957098 9.5847940 -0.6207311 2.2550118 0.2137498 -0.3600340 -0.1405672 0.8971775
1520532010.206970 9.5523443 -0.6115043 2.2417626 0.1878433 -0.5919847 -0.0835509 0.7792870
1520532010.406976 9.5332499 -0.6023597 2.2214398 0.1496860 -0.7244142 -0.0485108 0.6711668
1520532010.606883 9.5161009 -0.5926547 2.1959424 0.0949223 -0.8150835 -0.0271845 0.5708675
1520532011.056993 9.4677000 -0.5820588 2.1494896 0.0112292 -0.8646106 0.0426061 0.5005068
1520532011.206997 9.4471312 -0.5757620 2.1351066 -0.0119317 0.8883923 -0.0276159 -0.4580984
1520532011.407079 9.4176283 -0.5710251 2.1122503 -0.0198523 0.9293363 -0.0038420 -0.3686802
1520532011.557083 9.3990326 -0.5699251 2.0919507 -0.0206381 0.9527885 0.0015800 -0.3029283
1520532011.707088 9.3827991 -0.5649255 2.0678937 -0.0382236 0.9699823 0.0042608 -0.2401146
1520532011.857767 9.3680611 -0.5589442 2.0433526 -0.0376948 0.9802456 0.0046108 -0.1941039
1520532012.057773 9.3531675 -0.5594152 2.0110371 -0.0156247 0.9901934 -0.0164236 -0.1378516
1520532012.408099 9.3354940 -0.5508997 1.9496969 0.0397877 0.9981105 -0.0418259 -0.0210445
1520532012.657729 9.3242569 -0.5512503 1.9073317 0.1067180 0.9933308 -0.0415852 -0.0132645
1520532012.907737 9.3080788 -0.5395392 1.8655741 0.1775775 0.9777628 -0.0193806 -0.1098660
1520532013.158020 9.2737818 -0.5319171 1.8365250 0.1926783 0.9271901 -0.0514916 -0.3170841
1520532013.459789 9.2224855 -0.5068513 1.8156224 -0.1665408 -0.8109719 0.0937037 0.5529994
1520532013.809800 9.1621170 -0.5070926 1.8129244 -0.0682142 -0.7283131 0.0833162 0.6767313
1520532014.059950 9.1063375 -0.5120955 1.8043002 0.0397204 -0.7575113 0.0332437 0.6507640
1520532014.259236 9.0711775 -0.5211257 1.7770983 0.1088049 -0.8041701 0.0115345 0.5842422
1520532014.459242 9.0423794 -0.5164107 1.7418928 -0.1430231 0.8731980 0.0076084 -0.4658453
1520532014.657922 9.0207596 -0.5140162 1.6980762 -0.1292373 0.9417578 -0.0046082 -0.3104331
1520532014.907930 9.0126724 -0.5041739 1.6457443 -0.0505153 0.9916252 0.0019971 -0.1188428
1520532015.107454 9.0145540 -0.4939855 1.6062917 -0.0089336 0.9998482 0.0149559 -0.0002495
1520532015.257459 9.0130901 -0.4893857 1.5759077 0.0145850 0.9993375 0.0136027 0.0304445
1520532015.457268 9.0108595 -0.4901194 1.5374238 0.0521773 0.9975230 0.0061794 0.0467671
1520532015.607273 9.0103579 -0.4867608 1.5074806 0.0785493 0.9946634 -0.0018099 0.0668696
1520532015.757278 9.0097456 -0.4839256 1.4747224 0.0946398 0.9916722 -0.0161335 0.0858450
1520532015.907008 9.0098181 -0.4828568 1.4430898 0.1021393 0.9897045 -0.0186845 0.0985053
1520532016.057012 9.0126085 -0.4848385 1.4122236 0.0985069 0.9886674 -0.0184519 0.1117705
1520532016.207020 9.0142708 -0.4814389 1.3800875 0.0803050 0.9910173 -0.0162545 0.1056960
1520532016.356940 9.0188828 -0.4791777 1.3471615 0.0806101 0.9911900 -0.0267108 0.1016416
1520532016.656950 9.0224962 -0.4888991 1.2868098 0.1087346 0.9903858 -0.0252838 0.0816909
1520532016.807155 9.0196724 -0.4880913 1.2564341 0.1038511 0.9926692 -0.0209760 0.0581616
1520532016.957160 9.0153122 -0.4900084 1.2277219 0.0970914 0.9932474 -0.0466894 0.0430450
1520532017.257463 9.0050106 -0.4907145 1.1801021 0.0843933 0.9942937 -0.0374896 0.0534065
1520532017.407469 8.9970560 -0.4872687 1.1604394 0.0711169 0.9937679 -0.0403089 0.0757826
1520532017.557325 8.9876995 -0.4846880 1.1447439 0.0573996 0.9878399 -0.0485127 0.1361034
1520532017.757331 8.9742546 -0.4838606 1.1339695 0.0414635 0.9710587 -0.0470680 0.2304567
1520532018.607343 8.8638468 -0.4640572 1.1683571 0.0876515 0.7674906 -0.0558238 0.6325814
1520532018.807165 8.8313313 -0.4559867 1.1783543 0.0554857 0.7054270 -0.0307308 0.7059389
1520532019.007173 8.8022232 -0.4512560 1.1834565 0.0634627 0.6184924 -0.0269705 0.7827593
1520532019.207224 8.7725143 -0.4460368 1.1836627 0.0621045 0.5175094 -0.0448507 0.8522415
1520532019.407230 8.7385731 -0.4369637 1.1872783 0.0059869 0.3981170 -0.0240563 0.9169996
1520532019.607450 8.7062473 -0.4330709 1.1951001 -0.0063148 0.2605326 -0.0418895 0.9645352
1520532019.857458 8.6800461 -0.4365855 1.2044902 0.0081750 0.1295220 -0.0196882 0.9913474
1520532020.057827 8.6817942 -0.4504890 1.2140086 0.0843859 0.1115514 0.0175344 0.9900141
1520532020.407528 8.7248135 -0.4778819 1.2284966 0.2010885 0.2653606 0.0600001 0.9410352
1520532020.657536 8.7705517 -0.4830861 1.2355928 0.2160947 0.4270852 0.0580587 0.8760882
1520532021.007225 8.8357496 -0.4776914 1.2178792 0.1507962 0.6705600 0.0325790 0.7256365
1520532021.307325 8.8888855 -0.4778582 1.1986647 0.1361218 0.7661290 0.0034757 0.6280965
1520532022.407397 8.9814730 -0.5024065 1.0924947 0.0490936 0.9961562 -0.0481801 0.0542347
1520532022.607403 8.9685678 -0.5070807 1.0923414 0.0322223 0.9936197 -0.0382955 -0.1010694
1520532022.807304 8.9514732 -0.5086328 1.1138232 0.0027958 0.9525393 -0.0284610 -0.3030693
1520532023.007310 8.9434547 -0.5109971 1.1524897 -0.0116367 0.8721883 -0.0138817 -0.4888347
1520532023.257263 8.9434643 -0.5168843 1.2125849 0.0599318 -0.7290885 -0.0032898 0.6817824
1520532023.457269 8.9497681 -0.5185068 1.2628257 0.0877265 -0.5997454 -0.0205738 0.7951014
1520532023.657132 8.9621878 -0.5178793 1.3059788 0.1012629 -0.4995241 -0.0373570 0.8595498
1520532023.857139 8.9745064 -0.5176020 1.3418374 0.0952419 -0.4373404 -0.0591383 0.8922808
1520532024.007144 8.9828434 -0.5163622 1.3616350 0.0829143 -0.4122154 -0.0682458 0.9047354
1520532024.157369 8.9927235 -0.5151827 1.3807652 0.0483759 -0.3937383 -0.0781493 0.9146161
1520532024.407377 9.0131969 -0.5113676 1.4165244 0.0101813 -0.3720857 -0.0862590 0.9241255
1520532024.608039 9.0300856 -0.5124341 1.4502068 0.0377598 -0.3195091 -0.0822083 0.9432550
1520532024.958849 9.0472851 -0.5103244 1.5189052 0.0609512 -0.1621499 -0.0567519 0.9832454
1520532025.659273 9.0209837 -0.5136352 1.6562737 0.1113737 -0.1680715 -0.1848546 0.9618610
1520532025.959611 8.9589233 -0.5116663 1.7037859 0.1414254 -0.4017946 -0.2096483 0.8801179
1520532026.258552 8.8830137 -0.5013087 1.7305160 0.1323206 -0.5568781 -0.2080353 0.7931578
1520532026.558170 8.8037386 -0.4845519 1.7403615 0.0915174 -0.6542293 -0.1495192 0.7356988
1520532026.858179 8.7308130 -0.4646145 1.7408124 0.0418592 -0.7475522 -0.0710394 0.6590652
1520532027.058969 8.6759224 -0.4626162 1.7293322 0.0038623 -0.7888315 -0.0648052 0.6111712
1520532027.460481 8.5802145 -0.4712355 1.7177072 -0.0094040 -0.7671878 -0.0024684 0.6413488
1520532027.860491 8.4891939 -0.4607019 1.7138820 -0.0181132 -0.7712146 -0.0337189 0.6354235
1520532028.259744 8.3912640 -0.4368283 1.6838889 -0.0082527 -0.7870380 -0.0244139 0.6163660
1520532028.608830 8.2764397 -0.4259884 1.7179753 -0.0079791 -0.7663843 -0.0408910 0.6410300
1520532029.008163 8.1632051 -0.3991264 1.6298673 -0.0544297 -0.7563570 -0.0044616 0.6518754
1520532029.458271 8.0210581 -0.3883364 1.6426520 -0.0410742 -0.7639313 -0.0217400 0.6436219
1520532029.859328 7.5970836 -0.3575220 1.5786126 -0.0665101 -0.7447543 -0.0466363 0.6623763
1520532030.710755 6.9159245 -0.2447925 1.5251517 -0.0776562 -0.7308817 -0.0022809 0.6780680
1520532031.209543 6.6127329 -0.2160641 1.4493694 -0.0436516 -0.7474154 0.0062549 0.6628919
1520532031.558712 6.5479660 -0.2067863 1.4611622 -0.0355863 -0.7448553 -0.0041555 0.6662634
1520532031.858708 6.5303559 -0.2131641 1.4595308 -0.0313716 -0.7494023 -0.0055110 0.6613483
1520532032.108716 6.5116634 -0.2117987 1.4482772 -0.0346197 -0.7504864 -0.0023655 0.6599743
1520532032.359759 6.4567356 -0.2162464 1.4347143 -0.0312438 -0.7533026 -0.0130784 0.6568012
1520532032.609767 6.4250031 -0.2067712 1.4330692 -0.0270220 -0.7583314 -0.0184218 0.6510484
1520532032.911185 6.3870287 -0.2068004 1.4266870 -0.0345078 -0.7578878 -0.0132390 0.6513371
1520532033.160990 6.3825026 -0.2057688 1.4245176 -0.0402249 -0.7543715 -0.0014400 0.6552125
1520532033.460022 6.3823810 -0.2054432 1.4246366 -0.0244211 -0.7571181 -0.0137410 0.6526768
1520532033.760032 6.3819551 -0.2056293 1.4250004 -0.0272304 -0.7561451 -0.0083685 0.6537837
1520532034.059030 6.3813887 -0.2054329 1.4249198 -0.0306173 -0.7539389 -0.0034743 0.6562216
1520532034.358658 6.3839345 -0.2036819 1.4249154 -0.0165977 -0.7572372 -0.0090048 0.6528669
1520532034.709705 6.3486986 -0.2001525 1.4187397 -0.0617153 -0.7579165 0.0239804 0.6489828
1520532035.111956 6.3288445 -0.1844611 1.4113091 -0.1014327 -0.7540039 0.0572296 0.6464629
1520532035.411966 6.8066978 -0.2083645 1.4861411 -0.1116770 -0.7195437 0.0915230 0.6792707
1520532035.812279 6.7764034 -0.2010354 1.4926672 -0.1409352 -0.6143460 0.1333356 0.7648124
1520532036.161282 6.7548938 -0.2052709 1.4994619 -0.1745463 -0.5136991 0.1463548 0.8271802
1520532036.510659 6.7377853 -0.2008924 1.5132277 -0.1732907 -0.3762152 0.1675805 0.8946224
1520532036.861315 6.7291741 -0.1945229 1.5397866 -0.1700923 -0.1942074 0.1081784 0.9600258
1520532037.160021 6.7230387 -0.1909349 1.5607736 -0.1407558 -0.0753101 0.0162339 0.9870424
1520532037.909244 6.7239790 -0.2108294 1.6205381 0.0690017 0.0733401 -0.3095479 0.9455369
1520532038.258784 6.7193108 -0.2102728 1.6539367 0.0163405 -0.0982824 -0.4749122 0.8743752
1520532038.608251 6.7036271 -0.1934340 1.6773230 -0.0827533 -0.2552388 -0.4398428 0.8570550
1520532038.959305 6.6889725 -0.1801132 1.6962529 -0.1970867 -0.3525580 -0.1679969 0.8992423
1520532039.709066 6.6502752 -0.1906083 1.7420275 -0.1897914 -0.3615480 0.2789488 0.8691661
1520532039.959074 6.6399050 -0.2006336 1.7588325 0.0186119 -0.3867886 0.1530153 0.9091944
1520532044.060034 6.6913605 -0.2464986 1.6307206 0.6175137 0.5854718 -0.5114771 0.1195443
1520532044.358087 6.6775122 -0.2485409 1.6319182 -0.5435761 -0.4819655 0.6863799 0.0334199
1520532044.607552 6.6662035 -0.2461152 1.6378554 -0.4252107 -0.3849423 0.8079973 0.1347428
1520532044.957366 6.6543188 -0.2375589 1.6525067 -0.2362037 -0.2737207 0.8899710 0.2779143
1520532045.207375 6.6520452 -0.2292781 1.6648189 -0.0963441 -0.1775014 0.9113786 0.3586085
1520532045.457693 6.6529002 -0.2210277 1.6753033 -0.0867550 -0.1250284 0.9107571 0.3838790
1520532045.759439 6.6597538 -0.2033059 1.6907287 -0.0590003 0.0452466 0.8977773 0.4341286
1520532046.109413 6.6681466 -0.1831864 1.7053413 -0.1332666 0.2198702 0.7983840 0.5445000
1520532046.411423 6.6790686 -0.1704280 1.7156134 -0.1841135 0.3340908 0.4678665 0.7972368
1520532046.664552 6.6865439 -0.1719211 1.7281091 -0.1280382 0.3340591 0.1081560 0.9275306
1520532046.864559 6.6874228 -0.1780639 1.7405055 -0.0377664 0.2296577 -0.1776911 0.9561678
1520532047.065489 6.6779218 -0.1855137 1.7560761 0.0972871 0.0176171 -0.4096715 0.9068595
1520532047.358569 6.6548023 -0.1912740 1.7714925 0.3252111 -0.3020690 -0.5469387 0.7098240
1520532047.558575 6.6339984 -0.1934213 1.7723447 0.4706075 -0.4638305 -0.5121927 0.5486788
1520532047.858718 6.6094117 -0.1970625 1.7633080 0.6402228 -0.5664318 -0.3066849 0.4185859
1520532048.158901 6.6015325 -0.2022668 1.7474931 0.7681336 -0.5920319 -0.0823580 0.2295347
1520532048.658269 6.5972543 -0.2038908 1.7188644 0.7575001 -0.5937530 0.2713850 0.0010817
1520532049.007890 6.6038251 -0.2041830 1.6984882 0.6413361 -0.5705243 0.4875675 -0.1595867
1520532049.307899 6.6158190 -0.2021806 1.6844065 0.4514021 -0.5167380 0.6632991 -0.2987511
1520532049.607907 6.6277256 -0.2028880 1.6786063 0.1487653 -0.5290283 0.7313784 -0.4038362
1520532049.907799 6.6361756 -0.2056420 1.6748915 -0.1634341 -0.6141495 0.6330875 -0.4419388
1520532050.157807 6.6465874 -0.2149189 1.6619529 0.4100940 0.6517403 -0.4904461 0.4080687
1520532050.357579 6.6558852 -0.2063231 1.6589463 0.5393040 0.6796317 -0.3325420 0.3696862
1520532050.457582 6.6619534 -0.2150543 1.6476775 0.6001362 0.6601851 -0.2952145 0.3418196
1520532050.557585 6.6653519 -0.2147192 1.6414413 0.6235241 0.6692002 -0.2413428 0.3242566
1520532050.657655 6.6699271 -0.2136355 1.6356915 0.6350756 0.6785448 -0.1860468 0.3188142
1520532050.707633 6.6724744 -0.2141162 1.6343036 0.6431901 0.6768533 -0.1505916 0.3248050
1520532050.757634 6.6781530 -0.2189288 1.6321213 0.6711844 0.6647689 -0.1327017 0.2999735
1520532052.060162 6.7201114 -0.2065802 1.5361155 0.6599818 0.7276992 -0.1640418 -0.0892643
1520532052.409447 6.7029104 -0.2042562 1.5143332 0.6142809 0.7126710 -0.2229888 -0.2550196
1520532052.709323 6.6840334 -0.1997051 1.4972072 0.6110976 0.6559071 -0.3117846 -0.3148585
1520532053.059335 6.6608791 -0.1961221 1.4711629 0.5605703 0.5989432 -0.3804841 -0.4269190
1520532053.310410 6.6387858 -0.1910410 1.4774400 0.5165638 0.5788727 -0.3948916 -0.4920658
1520532053.563652 6.6158552 -0.1961744 1.4773844 0.5293021 0.5494062 -0.4143518 -0.4962910
1520532053.813660 6.5865269 -0.1904710 1.4681798 0.5636119 0.5146823 -0.4490887 -0.4645031
1520532054.114897 6.5511966 -0.1840461 1.4576825 0.6098791 0.4664133 -0.4851111 -0.4185371
1520532054.463646 6.4844260 -0.1886255 1.4440943 0.6467289 0.4142073 -0.5178717 -0.3768062
1520532054.861823 6.4067960 -0.1812519 1.4410934 0.6650935 0.3931116 -0.5274549 -0.3534193
1520532055.260570 6.3537045 -0.1835895 1.4382175 0.6229340 0.4576790 -0.4811622 -0.4134804
1520532055.609906 6.2795682 -0.1808139 1.4283106 -0.4996010 -0.5492929 0.4355896 0.5088593
1520532055.960016 6.2389078 -0.1765715 1.4224830 -0.3716599 -0.6579911 0.2729627 0.5953218
1520532056.310027 6.2849278 -0.1816427 1.4292952 -0.2200525 -0.7161752 0.1291313 0.6496115
1520532056.612033 6.2753520 -0.1821171 1.4286716 -0.1081104 -0.7299105 0.0884835 0.6691140
1520532056.963586 6.2725439 -0.1832427 1.4277797 -0.0138662 -0.7638484 0.0594886 0.6424986
1520532057.263103 6.2704930 -0.1814619 1.4273704 -0.0182907 -0.7769691 -0.0431560 0.6277914
1520532057.513111 6.1622658 -0.1775338 1.4159701 -0.0272428 -0.7535151 -0.0030531 0.6568588
1520532057.711984 6.0880303 -0.1652541 1.4155755 -0.0747080 -0.7359926 0.0121885 0.6727443
1520532057.961991 6.0138335 -0.1791430 1.4190766 -0.0604992 -0.7385759 0.0544887 0.6692358
1520532058.160283 5.9651771 -0.1716718 1.4048150 -0.0777322 -0.7525773 0.0458125 0.6522931
1520532058.360290 5.9115477 -0.1676192 1.4006646 -0.0585450 -0.7590960 0.0390688 0.6471626
1520532058.559243 5.8617878 -0.1687394 1.3982573 -0.0550916 -0.7520559 0.0235552 0.6563703
1520532058.759250 5.8100486 -0.1603833 1.3989986 -0.0541789 -0.7430938 0.0187312 0.6667274
1520532058.959299 5.7691140 -0.1485787 1.3872758 -0.0783200 -0.7391430 0.0194755 0.6686959
1520532059.159306 5.7374120 -0.1452365 1.3572295 -0.0786622 -0.7352532 0.0250713 0.6727454
1520532059.311448 5.6783571 -0.1401749 1.3633419 -0.0788909 -0.7316712 0.0254379 0.6765992
1520532059.461453 7.9094954 -0.3307179 1.5989013 -0.0887612 -0.7358016 0.0101550 0.6712781
1520532059.665519 7.8331099 -0.3224936 1.5953881 -0.0920525 -0.7151225 0.0073616 0.6928723
1520532059.965529 7.5834255 -0.2771751 1.5375891 -0.0980579 -0.7014142 0.0237423 0.7055771
1520532060.167214 7.4051037 -0.3112335 1.5658333 -0.0834083 -0.7111068 0.0320720 0.6973819
1520532060.417221 7.2639532 -0.2996857 1.5909517 -0.0882015 -0.7348388 -0.0054043 0.6724606
1520532060.667229 7.1736007 -0.3036477 1.5872269 -0.0844895 -0.6988701 -0.0135553 0.7101116
1520532060.917236 7.0675502 -0.2774342 1.5796958 -0.0935246 -0.6997202 -0.0109101 0.7081848
1520532061.217246 6.9665189 -0.2761211 1.5400933 -0.0793276 -0.6993191 0.0128211 0.7102785
1520532061.616170 6.8300982 -0.2548126 1.5470225 -0.0626820 -0.7107115 -0.0120274 0.7005822
1520532062.014352 6.8260288 -0.2531477 1.5530821 -0.0603078 -0.7029788 -0.0045143 0.7086349
1520532062.313107 6.8432951 -0.2420490 1.5144017 -0.0600894 -0.7193595 -0.0104786 0.6919547
1520532062.562213 6.8488317 -0.2348055 1.5215576 -0.0593467 -0.7157376 -0.0157359 0.6956651
1520532062.862222 6.8249288 -0.2327492 1.5385191 -0.0691708 -0.6982574 -0.0091888 0.7124377
1520532063.110849 6.8312550 -0.2161873 1.5200374 -0.0722501 -0.7106394 -0.0145997 0.6996845
1520532063.359789 6.6485410 -0.2131939 1.5074455 -0.0457282 -0.7096829 -0.0034528 0.7030272
1520532081.712785 2.5864599 0.0058641 0.8744708 -0.0056588 0.6728829 0.0372945 0.7387866
1520532082.362523 2.8872795 -0.0452710 0.9903885 -0.0640506 0.6601460 0.0438792 0.7471141
1520532082.661519 2.9866080 -0.0445691 0.9949965 -0.0532299 0.6896093 0.0530422 0.7202722
1520532083.060606 3.2602873 -0.0555882 1.0565399 -0.0372744 0.6816791 0.0689362 0.7274420
1520532083.460510 3.3957522 -0.0352492 1.0590985 -0.0643736 0.6931127 0.0730491 0.7142230
1520532083.812084 3.5155754 -0.0216408 1.0529550 -0.0339534 0.7193351 0.0686513 0.6904281
1520532084.165661 3.6329825 -0.0147934 1.0549272 -0.0558255 0.6988979 0.0836338 0.7081175
1520532084.667182 3.7959833 -0.0034521 1.0326741 -0.0375016 0.7831751 0.0679948 0.6169335
1520532085.466952 4.2936530 0.0428236 1.0095960 0.0917314 0.8639027 0.0420307 0.4934478
1520532088.214446 5.3513966 -0.0894682 0.3979180 0.1131050 0.9116328 -0.0404437 0.3930614
1520532088.760132 5.3128748 -0.0922989 0.2781619 0.1003198 0.9806067 -0.0890895 -0.1428615
1520532089.359975 5.2501259 -0.1324636 0.3919758 -0.0262561 -0.7250945 0.1091989 0.6794294
1520532089.812512 5.0782709 -0.0609093 0.5689626 0.0361743 -0.6002082 -0.0287863 0.7985066
1520532091.416287 4.5631766 -0.0420553 0.2911452 -0.0813010 -0.7220989 0.0632232 0.6840804
1520532092.767180 4.0555873 -0.0750147 0.3179360 0.1269411 -0.7330028 0.0449888 0.6667600
1520532093.165583 3.9839761 -0.0836746 0.2629323 -0.1289832 0.8519216 -0.1178492 -0.4936644
1520532094.012614 4.1133080 -0.0648467 0.1807551 0.0466173 0.9077727 -0.1739441 0.3788390
1520532094.613343 4.3671017 -0.0329483 0.2612209 0.0366315 0.7253830 -0.0267419 0.6868498
1520532095.165086 4.5617523 -0.0486056 0.3906120 0.0059759 0.5243354 -0.0113039 0.8514158
1520532096.068335 4.7013297 -0.0320825 0.6725115 -0.0052439 0.1710458 -0.0512243 0.9839166
1520532096.718355 4.6598501 -0.0304335 0.8477811 0.0023974 -0.1108752 -0.0779393 0.9907706
1520532097.167867 4.5699272 -0.0258218 0.9369026 -0.0076903 -0.3882369 -0.0467102 0.9203430
1520532097.615163 4.4462090 -0.0109932 0.9765828 0.0037743 -0.5561715 -0.0384868 0.8301674
1520532097.963158 4.3448772 0.0045747 0.9885584 -0.0380111 -0.6490350 -0.0279300 0.7592949
1520532098.412434 4.2029896 0.0100448 0.9731218 -0.0605920 -0.7610249 0.0048259 0.6458688
1520532098.711203 4.1069689 0.0127650 0.9684796 -0.0544438 -0.7466667 -0.0240388 0.6625308
1520532099.010734 4.0088568 0.0226307 0.9618092 -0.0692304 -0.7429346 0.0146132 0.6656139
1520532099.210742 3.9437318 0.0205797 0.9522982 -0.0676577 -0.7654369 0.0198474 0.6396367
1520532099.461308 3.8631306 0.0302235 0.9393350 -0.0556682 -0.7787782 0.0076435 0.6247779
1520532099.661314 3.7967365 0.0327176 0.9317110 -0.0341500 -0.7749755 0.0084040 0.6310123
1520532099.862926 3.7303777 0.0314282 0.9301318 -0.0430006 -0.7476491 0.0199474 0.6624004
1520532100.062932 3.6621842 0.0394438 0.9244488 -0.0123496 -0.7474968 0.0315498 0.6634011
1520532100.263576 3.5957205 0.0381698 0.9173887 -0.0054985 -0.7660798 0.0272032 0.6421463
1520532100.463582 3.5315959 0.0469996 0.9112320 -0.0078181 -0.7646579 0.0170945 0.6441625
1520532100.712927 3.4471078 0.0543816 0.9043318 -0.0042441 -0.7459157 -0.0021644 0.6660237
1520532100.961873 3.3655956 0.0581071 0.8981102 -0.0275293 -0.7297372 0.0030879 0.6831667
1520532101.211880 3.2770979 0.0645747 0.8839546 -0.0183675 -0.7587290 0.0022001 0.6511441
1520532101.461073 3.1942239 0.0647343 0.8559164 -0.0313319 -0.8097141 0.0017361 0.5859854
1520532101.661078 3.1239791 0.0721664 0.8266987 -0.0057640 -0.8373160 0.0036049 0.5466776
1520532101.911101 3.0475245 0.0674075 0.7780706 0.0119401 0.8777143 -0.0171365 -0.4787293
1520532102.061105 3.0039752 0.0701312 0.7408775 0.0217235 0.9090146 -0.0282191 -0.4152403
1520532102.211793 2.9660378 0.0680558 0.7001646 0.0091269 0.9376843 -0.0459355 -0.3443184
1520532102.411800 2.9298143 0.0620101 0.6416914 0.0157923 0.9708874 -0.0108151 -0.2387710
1520532102.660693 2.8986521 0.0621048 0.5631144 0.0217700 0.9846187 -0.0204578 -0.1721451
1520532102.860699 2.8786926 0.0539225 0.5007203 0.0496714 0.9904787 -0.0354212 -0.1234119
1520532103.359753 2.8413002 0.0500097 0.3469725 0.0466836 0.9978660 -0.0410228 -0.0200392
1520532103.609761 2.8303521 0.0476730 0.2699079 0.0631640 0.9965718 -0.0526361 0.0092070
1520532103.909965 2.8151751 0.0436164 0.1714845 0.0647081 0.9969975 -0.0237183 0.0353093
1520532104.211397 2.7909687 0.0367059 0.0804605 0.0689306 0.9954740 -0.0282284 0.0590232
1520532104.660740 2.7326980 -0.0118000 -0.0373600 0.0613876 0.9895085 -0.1068111 0.0754743
1520532106.710337 2.1658759 0.1021729 -0.2516015 -0.0420596 0.9909140 0.0663146 -0.1091938
1520532107.309879 2.2232525 0.0028415 -0.2385291 -0.0309382 0.9931562 -0.0623256 -0.0938060
1520532110.959608 2.3599331 0.0247701 -0.2443112 0.0577837 0.8875275 -0.0672556 0.4521429
1520532112.159884 2.3385437 0.0214020 -0.2238997 0.0695401 0.9272977 -0.0365360 0.3659900
1520532118.161558 2.2199869 0.0536982 -0.2167760 -0.1431886 0.9300919 0.1681714 -0.2935047
1520532119.160023 2.5064468 0.1056870 -0.1702671 -0.1288670 0.9330167 0.1032615 0.3197041
1520532122.360538 2.1240633 0.0292509 -0.2263288 -0.0725076 0.9895540 -0.0601510 -0.1091225
1520532122.610205 2.1887672 0.0066862 -0.2249863 -0.0452401 0.9960291 -0.0705349 -0.0300764
1520532125.560393 2.3998182 0.0602859 -0.2625976 0.0328751 0.9989088 -0.0026728 0.0330711
1520532128.310390 2.4043083 0.0637388 -0.2575580 0.0282772 0.9981679 -0.0217632 0.0488683
1520532128.560398 2.4037075 0.0623015 -0.2571607 0.0263276 0.9981697 -0.0179744 0.0513957
