1341846434.710184 0.0000000 0.0000000 0.0000000 0.0000000 0.0000000 0.0000000 1.0000000
1341846434.778203 0.0186473 -0.0021940 -0.0049341 0.0048777 0.0020676 0.0053711 0.9999716
1341846435.886101 0.3349265 -0.0646241 -0.0612350 0.0276405 -0.1262937 -0.0190358 0.9914250
1341846435.918077 0.3464778 -0.0667875 -0.0635330 0.0270469 -0.1298939 -0.0176306 0.9910021
1341846437.290095 0.6887614 -0.0847422 0.0906395 -0.0307183 -0.2952623 0.0061161 0.9549027
1341846437.431962 0.7059768 -0.0899789 0.1016999 -0.0505561 -0.3140483 0.0041776 0.9480508
1341846437.464061 0.7188341 -0.0686135 0.1176095 -0.0540499 -0.3203197 0.0033216 0.9457604
1341846437.669713 0.7620322 -0.0881772 0.1864506 -0.0492002 -0.3369901 0.0031168 0.9402166
1341846437.739652 0.7655431 -0.0763941 0.2148853 -0.0443215 -0.3291540 -0.0044067 0.9432252
1341846438.164374 0.8309911 -0.0915156 0.2562157 -0.0395522 -0.3156091 -0.0044066 0.9480544
1341846438.262251 0.8179505 -0.0956362 0.2816363 -0.0391823 -0.3125693 -0.0072880 0.9490585
1341846438.430136 0.7854210 -0.0969538 0.2930620 -0.0435997 -0.2787244 -0.0143705 0.9592733
1341846438.766996 0.7275237 -0.0582295 0.2898177 -0.0428477 -0.2314798 0.0099703 0.9718445
1341846438.865936 0.6766279 -0.0802340 0.2989199 -0.0508409 -0.2046098 0.0122790 0.9774452
1341846438.966314 0.6399512 -0.0665777 0.2882001 -0.0464156 -0.1878046 0.0026699 0.9811054
1341846439.001871 0.6331590 -0.0671884 0.3003268 -0.0452430 -0.1828863 0.0022757 0.9820899
1341846439.034612 0.6177000 -0.0684931 0.2923751 -0.0434766 -0.1744777 0.0011161 0.9837002
1341846439.070117 0.6120877 -0.0713947 0.2955585 -0.0409906 -0.1687911 0.0013696 0.9847982
1341846439.101969 0.6040096 -0.0735733 0.2995980 -0.0374600 -0.1597691 0.0004893 0.9864433
1341846439.234198 0.5466280 -0.0674941 0.2811406 -0.0221632 -0.1264607 0.0023286 0.9917213
1341846442.286112 -0.6596373 -0.1073337 0.3735934 -0.0155427 0.2285703 0.0181953 0.9732332
1341846447.320107 -0.1511567 -0.0155739 0.2330086 -0.0970206 0.0396953 0.0099976 0.9944402
1341846447.352050 -0.1351060 -0.0124340 0.2288860 -0.0989734 0.0385166 0.0122074 0.9942694
1341846447.823997 -0.1480970 -0.0299285 0.2061277 -0.1352932 0.0349287 0.0264968 0.9898351
1341846448.024057 -0.1340939 -0.0401368 0.1851083 -0.1368736 0.0389605 0.0249073 0.9895086
1341846448.922419 -0.1459071 -0.1122508 0.1555607 -0.1844445 0.0316127 0.0035804 0.9823279
1341846448.954059 -0.1415612 -0.1342404 0.1528375 -0.1993026 0.0326019 0.0031582 0.9793904
1341846449.054021 -0.1463306 -0.1645066 0.1718351 -0.2289474 0.0392739 -0.0019125 0.9726443
1341846449.090060 -0.1439640 -0.1736490 0.1747625 -0.2272348 0.0390184 -0.0032124 0.9730527
1341846449.258032 -0.1470031 -0.2031107 0.1723508 -0.2246999 0.0442670 -0.0016390 0.9734206
1341846449.390027 -0.1383483 -0.2339288 0.1922326 -0.2329722 0.0494908 0.0085740 0.9711854
1341846449.426101 -0.1323387 -0.2420133 0.1996373 -0.2259310 0.0514907 0.0153057 0.9726611
1341846449.490185 -0.1372786 -0.2419758 0.2027223 -0.2250773 0.0546635 0.0138997 0.9727070
1341846449.525989 -0.1334590 -0.2489989 0.2115254 -0.2274835 0.0569855 0.0150010 0.9719974
1341846449.558288 -0.1304246 -0.2768560 0.2271020 -0.2304482 0.0559739 0.0177994 0.9713103
1341846449.594265 -0.1352234 -0.2926207 0.2494055 -0.2276039 0.0553308 0.0163741 0.9720426
1341846449.658161 -0.1354004 -0.2810262 0.2400045 -0.2202665 0.0547808 0.0123453 0.9738220
1341846449.794073 -0.1469024 -0.2920575 0.2847315 -0.2380209 0.0594637 0.0140202 0.9693366
1341846449.826150 -0.1651830 -0.3069529 0.3069035 -0.2401165 0.0645529 0.0105132 0.9685383
1341846449.861992 -0.1765624 -0.3369564 0.3240370 -0.2438125 0.0639064 0.0088755 0.9676738
1341846449.894052 -0.1589762 -0.3482580 0.3396215 -0.2439326 0.0577923 0.0073576 0.9680407
1341846449.925963 -0.1426373 -0.3420889 0.3454446 -0.2367926 0.0586284 0.0099671 0.9697384
1341846449.994047 -0.1487129 -0.3637097 0.3632977 -0.2392327 0.0650080 0.0037180 0.9687765
1341846450.026443 -0.1439040 -0.3781560 0.3787656 -0.2405941 0.0645271 0.0033283 0.9684728
1341846450.130133 -0.1424065 -0.3928409 0.4034110 -0.2442960 0.0655313 -0.0044544 0.9674737
1341846450.161911 -0.1394280 -0.3951066 0.4141336 -0.2460501 0.0654505 -0.0045605 0.9670340
1341846450.194126 -0.1356899 -0.4062612 0.4237017 -0.2503381 0.0653637 -0.0040136 0.9659411
1341846450.230042 -0.1323470 -0.4122913 0.4366474 -0.2558717 0.0638493 -0.0034798 0.9645936
1341846450.330052 -0.1495200 -0.4413752 0.4820946 -0.2603827 0.0561956 -0.0104250 0.9638124
1341846450.398035 -0.1540031 -0.4529091 0.4997864 -0.2621977 0.0567697 -0.0139222 0.9632423
1341846450.429941 -0.1522025 -0.4655221 0.5214787 -0.2659989 0.0537902 -0.0125695 0.9623893
1341846450.461928 -0.1455043 -0.4603009 0.5225556 -0.2637676 0.0489009 -0.0169930 0.9631960
1341846450.561983 -0.1444032 -0.4802029 0.5530854 -0.2698122 0.0425829 -0.0288668 0.9615377
1341846450.598097 -0.1448973 -0.4846173 0.5632024 -0.2717952 0.0411087 -0.0285479 0.9610528
1341846450.630436 -0.1452872 -0.4909547 0.5743210 -0.2742190 0.0381729 -0.0267857 0.9605359
1341846450.666178 -0.1621519 -0.5100090 0.5865771 -0.2794968 0.0361428 -0.0257938 0.9591193
1341846450.698174 -0.1644853 -0.5193912 0.5986284 -0.2830212 0.0308917 -0.0198883 0.9584097
1341846450.730214 -0.1418887 -0.5143845 0.6055607 -0.2845040 0.0197269 -0.0143836 0.9583640
1341846450.798042 -0.1372867 -0.5122007 0.6153332 -0.2860632 0.0090990 -0.0257185 0.9578223
1341846450.834020 -0.1397532 -0.5176803 0.6195497 -0.2876476 0.0085374 -0.0300496 0.9572267
1341846450.866022 -0.1381188 -0.5055566 0.6176052 -0.2876930 0.0084483 -0.0335021 0.9570993
1341846450.898067 -0.1398026 -0.5251083 0.6345749 -0.2983134 0.0086134 -0.0399205 0.9535939
1341846450.934091 -0.1616843 -0.5311188 0.6515342 -0.3016735 0.0097216 -0.0393936 0.9525475
1341846450.966100 -0.1460590 -0.5318602 0.6501054 -0.2990524 0.0017924 -0.0389160 0.9534411
1341846450.998096 -0.1420760 -0.5296057 0.6481285 -0.2998500 -0.0026775 -0.0431876 0.9530045
1341846451.034057 -0.1418104 -0.5247145 0.6442912 -0.3032189 -0.0038170 -0.0496678 0.9516180
1341846451.102153 -0.1501378 -0.5341563 0.6711462 -0.3119767 -0.0050950 -0.0526915 0.9486138
1341846451.133979 -0.1465960 -0.5323505 0.6706430 -0.3129011 -0.0077167 -0.0552363 0.9481468
1341846451.165987 -0.1477949 -0.5328644 0.6794843 -0.3153349 -0.0080748 -0.0569173 0.9472376
1341846451.234790 -0.1544264 -0.5294167 0.6756151 -0.3179569 -0.0086416 -0.0538281 0.9465365
1341846451.302134 -0.1464123 -0.5403690 0.6921600 -0.3147593 -0.0156731 -0.0512739 0.9476560
1341846451.970138 -0.1628493 -0.4615380 0.5105942 -0.2703653 0.0347476 -0.0561900 0.9604884
1341846452.174074 -0.1819395 -0.4302552 0.4389651 -0.2392504 0.0202276 -0.0476439 0.9695773
1341846452.206235 -0.1663702 -0.4086846 0.4196859 -0.2241319 0.0123957 -0.0421824 0.9735666
1341846452.306097 -0.1673561 -0.4032731 0.3888208 -0.2069607 0.0117879 -0.0380195 0.9775392
1341846452.442053 -0.1898872 -0.3795774 0.3449333 -0.1940509 0.0204824 -0.0244892 0.9804718
1341846452.474108 -0.1945063 -0.3593639 0.3295168 -0.1863130 0.0147499 -0.0176000 0.9822220
1341846452.574108 -0.1993854 -0.3818842 0.3249225 -0.1903172 0.0153190 -0.0128319 0.9815192
1341846452.642126 -0.1932164 -0.3318519 0.2966730 -0.1717612 0.0113053 -0.0131114 0.9849865
1341846452.842060 -0.2142978 -0.2991473 0.2629198 -0.1652187 0.0256124 -0.0118195 0.9858535
1341846452.910212 -0.2216953 -0.2843396 0.2587425 -0.1615224 0.0308377 -0.0113540 0.9863217
1341846453.111410 -0.2490999 -0.2527202 0.2544013 -0.1515823 0.0369078 -0.0198079 0.9875567
1341846453.152099 -0.2522841 -0.2415743 0.2421327 -0.1459477 0.0396798 -0.0222273 0.9882463
1341846453.210744 -0.2640097 -0.2334763 0.2574414 -0.1384114 0.0409351 -0.0284659 0.9891189
1341846453.346478 -0.2821242 -0.2107271 0.2576039 -0.1124555 0.0429109 -0.0385050 0.9919828
1341846453.413993 -0.2828404 -0.1834398 0.2565616 -0.0951159 0.0443003 -0.0499132 0.9932266
1341846453.447282 -0.2928129 -0.1877551 0.2530948 -0.0848849 0.0460065 -0.0538540 0.9938701
1341846453.489022 -0.2894616 -0.1845965 0.2453486 -0.0713217 0.0421889 -0.0533569 0.9951313
1341846453.520074 -0.2914327 -0.1851448 0.2422821 -0.0588928 0.0416998 -0.0511442 0.9960808
1341846453.552202 -0.2881404 -0.1793060 0.2425563 -0.0492209 0.0416097 -0.0456026 0.9968783
1341846453.619879 -0.2874484 -0.1304973 0.2323566 -0.0359670 0.0417883 -0.0404506 0.9976592
1341846455.190190 -0.3145676 0.2966333 0.2916251 0.1076361 0.0463651 -0.0008910 0.9931082
1341846455.258176 -0.3094485 0.3279041 0.2947395 0.1124061 0.0417291 0.0043696 0.9927761
1341846455.322654 -0.3164656 0.3451856 0.3002960 0.1112941 0.0409226 0.0030538 0.9929399
1341846455.422100 -0.3068446 0.3887407 0.3132340 0.1116949 0.0318189 0.0024587 0.9932300
1341846455.490042 -0.3175015 0.3906724 0.3308313 0.1118398 0.0276501 0.0077936 0.9933109
1341846455.625973 -0.3125545 0.4407384 0.3489305 0.1182309 0.0210701 0.0085122 0.9927261
1341846455.658077 -0.3082787 0.4546323 0.3536679 0.1199778 0.0199114 0.0071965 0.9925508
1341846455.690122 -0.3099335 0.4605813 0.3595691 0.1209314 0.0194971 0.0044833 0.9924592
1341846455.726004 -0.3084124 0.4600172 0.3644904 0.1243193 0.0169762 0.0063976 0.9920764
1341846455.758157 -0.3105815 0.4698061 0.3525018 0.1314550 0.0162446 0.0047470 0.9911777
1341846455.826431 -0.3082630 0.4950885 0.3730369 0.1432632 0.0151757 0.0006324 0.9895681
1341846456.598113 -0.3170319 0.7152525 0.4177779 0.2277156 0.0173896 -0.0220360 0.9733230
1341846456.629868 -0.3205715 0.7201125 0.4157198 0.2294015 0.0121036 -0.0182473 0.9730855
1341846456.697989 -0.3229615 0.7383518 0.4204729 0.2272815 0.0126458 -0.0227691 0.9734808
1341846456.866247 -0.3218704 0.7822527 0.4427980 0.2318715 0.0079794 -0.0271151 0.9723357
1341846457.034139 -0.3160568 0.8283839 0.4505275 0.2378225 0.0086283 -0.0240463 0.9709726
1341846457.066343 -0.3242015 0.8290412 0.4467783 0.2361906 0.0096592 -0.0244963 0.9713499
1341846457.098123 -0.3198113 0.8304960 0.4519544 0.2379826 0.0089712 -0.0246760 0.9709144
1341846457.302162 -0.3099338 0.8632687 0.4606280 0.2498103 0.0113150 -0.0256608 0.9678886
1341846457.334093 -0.3121531 0.8630459 0.4606534 0.2482961 0.0133541 -0.0254691 0.9682572
1341846457.470028 -0.3127836 0.8671584 0.4603600 0.2424679 0.0198989 -0.0264562 0.9695945
1341846457.502234 -0.3024949 0.8629249 0.4541488 0.2399027 0.0186377 -0.0267144 0.9702503
1341846457.570088 -0.3088656 0.8597071 0.4575131 0.2284020 0.0263129 -0.0339346 0.9726195
1341846457.601985 -0.3029359 0.8491148 0.4551493 0.2234217 0.0258577 -0.0322539 0.9738449
1341846457.634100 -0.2966953 0.8391583 0.4534789 0.2199857 0.0289220 -0.0286549 0.9746531
1341846457.670084 -0.2937546 0.8313626 0.4529235 0.2169146 0.0324753 -0.0246303 0.9753393
1341846457.738024 -0.2879467 0.7953717 0.4466328 0.2135258 0.0391135 -0.0172720 0.9760013
1341846457.770266 -0.2882026 0.7820221 0.4495455 0.2155423 0.0426318 -0.0141126 0.9754614
1341846457.802137 -0.2795613 0.7677857 0.4470876 0.2167734 0.0443162 -0.0125254 0.9751351
1341846457.838017 -0.2729843 0.7515388 0.4419157 0.2176410 0.0484495 -0.0137508 0.9747286
1341846457.902124 -0.2730604 0.7239451 0.4561825 0.2186101 0.0508650 -0.0105388 0.9744287
1341846459.278165 -0.2480835 0.2200701 0.2747076 0.0219125 0.0364758 -0.0213812 0.9988655
1341846459.310125 -0.2463310 0.2058092 0.2719239 0.0114871 0.0377770 -0.0263625 0.9988723
1341846459.346071 -0.2475362 0.1975238 0.2658291 0.0016496 0.0405093 -0.0324086 0.9986521
1341846459.514102 -0.2481772 0.1606000 0.2478374 -0.0061597 0.0511181 -0.0509329 0.9973740
1341846459.546042 -0.2472472 0.1534567 0.2425324 -0.0139634 0.0536809 -0.0695797 0.9960331
1341846459.578086 -0.2579904 0.1456142 0.2496766 -0.0192180 0.0556161 -0.0889843 0.9942934
1341846459.614088 -0.2631033 0.1393687 0.2540588 -0.0197137 0.0537341 -0.1069480 0.9926158
1341846459.682060 -0.2608163 0.1410441 0.2413788 -0.0230603 0.0505542 -0.1449596 0.9878761
1341846459.782130 -0.2695885 0.1394282 0.2463233 -0.0312740 0.0436066 -0.1972235 0.9788888
1341846459.814161 -0.2756524 0.1260715 0.2489282 -0.0340883 0.0407828 -0.2131184 0.9755795
1341846459.845917 -0.2941486 0.1260896 0.2454443 -0.0323043 0.0380635 -0.2287274 0.9722095
1341846459.881966 -0.2822409 0.1250847 0.2437178 -0.0319058 0.0278975 -0.2454371 0.9684856
1341846459.914201 -0.2749148 0.1278155 0.2364228 -0.0366799 0.0219776 -0.2654384 0.9631791
1341846460.181998 -0.3024105 0.1389059 0.2267961 -0.0776584 -0.0058244 -0.3815731 0.9210523
1341846460.218224 -0.3139199 0.1553709 0.2325966 -0.0779311 -0.0036173 -0.3885259 0.9181293
1341846460.250207 -0.3070799 0.1513102 0.2319904 -0.0779956 -0.0081599 -0.3933200 0.9160510
1341846460.282079 -0.3082148 0.1499146 0.2228303 -0.0799076 -0.0085024 -0.4021029 0.9120613
1341846460.318118 -0.3092282 0.1609468 0.2213698 -0.0834088 -0.0091352 -0.4114103 0.9075798
1341846460.382034 -0.3178388 0.1678514 0.2193817 -0.0953002 -0.0127365 -0.4273291 0.8989691
1341846460.417986 -0.3196721 0.1610196 0.2192687 -0.1032004 -0.0153055 -0.4352622 0.8942384
1341846460.450206 -0.3124858 0.1674479 0.2178431 -0.1074629 -0.0186515 -0.4434235 0.8896513
1341846460.486901 -0.3140043 0.1690119 0.2186361 -0.1128682 -0.0218648 -0.4526178 0.8842623
1341846460.550003 -0.3177217 0.1711651 0.2097570 -0.1226854 -0.0277373 -0.4763678 0.8702027
1341846460.585983 -0.3190061 0.1786005 0.2137622 -0.1273434 -0.0297189 -0.4893439 0.8622314
1341846460.618376 -0.3245780 0.1807549 0.2174181 -0.1328963 -0.0338161 -0.5007632 0.8546527
1341846460.654440 -0.3314449 0.1778049 0.2124923 -0.1382976 -0.0365894 -0.5112839 0.8474219
1341846460.685981 -0.3270745 0.1776916 0.2094241 -0.1416050 -0.0391093 -0.5233899 0.8393340
1341846460.719720 -0.3281940 0.1919562 0.2138082 -0.1435093 -0.0407759 -0.5318950 0.8335647
1341846460.754596 -0.3265013 0.1909572 0.2067139 -0.1489411 -0.0443363 -0.5384770 0.8281868
1341846460.818048 -0.4144424 0.1735536 0.2349935 -0.1770913 -0.0334281 -0.5550224 0.8120784
1341846460.854135 -0.3925967 0.2001954 0.2264189 -0.1758617 -0.0354568 -0.5598468 0.8089420
1341846460.886066 -0.3990776 0.1918317 0.2259498 -0.1822947 -0.0351549 -0.5639116 0.8046966
1341846460.922118 -0.4081745 0.1914748 0.2231527 -0.1874367 -0.0311701 -0.5707560 0.7988326
1341846460.953981 -0.3829264 0.1974246 0.2246303 -0.1862926 -0.0321248 -0.5724833 0.7978258
1341846461.022018 -0.3930630 0.1978365 0.2219730 -0.1906841 -0.0277382 -0.5766021 0.7939774
1341846461.053987 -0.3894397 0.1973017 0.2206985 -0.1931143 -0.0253550 -0.5795125 0.7913465
1341846461.122172 -0.3743944 0.2046902 0.2234245 -0.1925515 -0.0228231 -0.5730918 0.7962216
1341846461.153999 -0.4021841 0.1901155 0.2312311 -0.1961878 -0.0155647 -0.5689075 0.7985063
1341846461.222053 -0.3675711 0.2148961 0.2267790 -0.1797712 -0.0070638 -0.5532709 0.8133411
1341846461.254158 -0.3729327 0.2006676 0.2229756 -0.1787133 -0.0049180 -0.5480917 0.8170881
1341846461.289936 -0.3657462 0.2006147 0.2290868 -0.1727961 -0.0023842 -0.5465873 0.8193767
1341846461.322044 -0.3678096 0.2094241 0.2271220 -0.1682132 -0.0016957 -0.5444312 0.8217640
1341846461.354118 -0.3597048 0.1933532 0.2251601 -0.1690931 -0.0063169 -0.5433775 0.8222582
1341846461.390065 -0.3665065 0.1754551 0.2263142 -0.1714334 -0.0055158 -0.5460621 0.8199978
1341846461.458072 -0.3622059 0.1954282 0.2346413 -0.1625478 -0.0001642 -0.5384292 0.8268448
1341846461.490119 -0.3578800 0.1849306 0.2252934 -0.1591216 0.0011002 -0.5314889 0.8319848
1341846461.522406 -0.3748270 0.1928536 0.2323442 -0.1546188 0.0125444 -0.5218199 0.8388323
1341846461.558036 -0.3413992 0.1861157 0.2320746 -0.1462049 0.0097963 -0.5058861 0.8500632
1341846461.657948 -0.3428479 0.1570913 0.2406988 -0.1373664 0.0137812 -0.4732827 0.8700253
1341846461.726030 -0.3356820 0.1654854 0.2329193 -0.1198048 0.0149809 -0.4473915 0.8861508
1341846461.758483 -0.3375518 0.1966816 0.2071636 -0.1042803 0.0240151 -0.4267039 0.8980383
1341846461.826110 -0.3397634 0.1515788 0.2441604 -0.1000403 0.0230521 -0.4009230 0.9103413
1341846461.894127 -0.3309313 0.1468419 0.2343921 -0.0822066 0.0276755 -0.3721123 0.9241259
1341846461.958215 -0.3389031 0.1394264 0.2468880 -0.0717635 0.0345019 -0.3442197 0.9355065
1341846461.994132 -0.3411249 0.1403047 0.2484812 -0.0642613 0.0358998 -0.3268840 0.9421935
1341846462.026102 -0.3237624 0.1277023 0.2404945 -0.0591486 0.0317664 -0.3091986 0.9486246
1341846462.058066 -0.3079755 0.1027523 0.2323155 -0.0580472 0.0256479 -0.2907331 0.9546973
1341846462.094057 -0.3090726 0.1132972 0.2364741 -0.0525426 0.0240946 -0.2718390 0.9606052
1341846462.126029 -0.3204143 0.0938972 0.2338002 -0.0517111 0.0233260 -0.2540291 0.9655315
1341846462.162124 -0.3187407 0.0965740 0.2385912 -0.0456377 0.0201979 -0.2355025 0.9705915
1341846462.194292 -0.3173850 0.0964001 0.2362672 -0.0409909 0.0183864 -0.2192229 0.9746400
1341846462.226092 -0.3254513 0.0815854 0.2381622 -0.0383972 0.0166733 -0.2045796 0.9779544
1341846462.262203 -0.3204533 0.0874032 0.2398978 -0.0319198 0.0131699 -0.1875369 0.9816504
1341846462.293934 -0.3150638 0.1003717 0.2407790 -0.0258133 0.0107893 -0.1770944 0.9837961
1341846462.325983 -0.3317819 0.1175680 0.2537436 -0.0218589 0.0125665 -0.1715135 0.9848591
1341846462.362050 -0.3426748 0.1027549 0.2473981 -0.0207604 0.0127754 -0.1598946 0.9868331
1341846462.400267 -0.3303261 0.1007585 0.2339684 -0.0149057 0.0115189 -0.1424393 0.9896243
1341846462.468003 -0.3297423 0.0965496 0.2264290 -0.0000036 0.0130960 -0.1035720 0.9945357
1341846462.635989 -0.3251358 0.0796674 0.2215746 0.0316159 0.0220976 -0.0177434 0.9990982
1341846462.768046 -0.3214232 0.0790953 0.2135211 0.0376679 0.0186327 0.0501278 0.9978583
1341846462.803937 -0.3202597 0.0745971 0.2162725 0.0394468 0.0175641 0.0688090 0.9966949
1341846462.835950 -0.3177930 0.0720316 0.2127427 0.0415307 0.0175899 0.0850685 0.9953538
1341846462.871842 -0.3147298 0.0674468 0.2101223 0.0443238 0.0171738 0.1042340 0.9934162
1341846462.966029 -0.3080014 0.0532247 0.2113107 0.0551354 0.0246467 0.1296701 0.9897162
1341846462.998172 -0.3062699 0.0481517 0.2040066 0.0624484 0.0243473 0.1399083 0.9878932
1341846463.066067 -0.3147716 0.0539264 0.1990188 0.0695863 0.0266914 0.1552256 0.9850636
1341846463.165917 -0.3051858 0.0496197 0.1997116 0.0724849 0.0267498 0.2050289 0.9757016
1341846463.198310 -0.3044474 0.0532760 0.1994445 0.0741550 0.0288140 0.2240791 0.9713184
1341846463.234037 -0.3091015 0.0553954 0.2018742 0.0732935 0.0324305 0.2382919 0.9678808
1341846463.298219 -0.2993138 0.0433428 0.1961242 0.0730469 0.0326983 0.2621982 0.9616897
1341846463.334210 -0.3014165 0.0414501 0.1982001 0.0785411 0.0340395 0.2701869 0.9589951
1341846463.365995 -0.2925876 0.0320886 0.1886822 0.0843456 0.0341794 0.2819433 0.9551050
