1341845820.751833 0.0000000 0.0000000 0.0000000 0.0000000 0.0000000 0.0000000 1.0000000
1341845820.819654 0.0040987 -0.0056605 -0.0054979 0.0000903 -0.0013723 -0.0041666 0.9999903
1341845825.711937 -0.5014349 -0.0886889 -0.0076241 0.0331361 -0.0040412 0.0460003 0.9983835
1341845827.045694 -0.5489781 -0.0398765 -0.0095454 -0.0264574 -0.0325667 0.0586689 0.9973953
1341845827.251751 -0.5500343 -0.0503556 0.0142653 -0.0389412 -0.0267082 0.0563827 0.9972920
1341845827.313888 -0.5487448 -0.0507068 0.0294786 -0.0485710 -0.0199774 0.0530499 0.9972098
1341845832.609738 0.2661887 0.0456714 0.0029650 -0.0180724 0.0249514 0.0431036 0.9985955
1341845833.381840 0.4074476 0.0688200 -0.0284579 -0.0304592 0.0464233 0.0513266 0.9971372
1341845833.717606 0.4189616 0.0748835 -0.0222566 -0.0310439 0.0461791 0.0540746 0.9969853
1341845833.985662 0.4418172 0.0763543 -0.0253584 -0.0352792 0.0444214 0.0508793 0.9970925
1341845834.153871 0.4271705 0.0767077 -0.0168614 -0.0405815 0.0464390 0.0461225 0.9970303
1341845834.253824 0.4069053 0.0879136 -0.0234063 -0.0445454 0.0474265 0.0412813 0.9970267
1341845834.957942 0.2451247 0.0517729 -0.0015097 -0.0403580 0.0313226 0.0290543 0.9982715
1341845835.058003 0.2207093 0.0445900 -0.0007507 -0.0371022 0.0247559 0.0286638 0.9985935
1341845836.104034 -0.0306433 0.0057273 -0.0135306 -0.0020697 -0.0168036 0.0396656 0.9990696
1341845836.503945 -0.0978422 0.0065385 -0.0398126 0.0092523 -0.0164772 0.0508623 0.9985269
1341845839.413801 -0.0398206 -0.4298770 -0.0202592 0.0086726 0.0678917 -0.0072811 0.9976285
1341845839.817825 -0.0344754 -0.4131423 -0.0227858 0.0072850 0.0755828 -0.0064306 0.9970922
1341845839.881829 -0.0353869 -0.4052901 -0.0243638 0.0044041 0.0754349 -0.0066802 0.9971187
1341845841.325856 -0.1175127 -0.2030943 0.0088356 -0.0287529 0.0516940 -0.0153026 0.9981317
1341845841.625800 -0.1131674 -0.1646756 0.0284794 -0.0156698 0.0406480 0.0052874 0.9990367
1341845842.439754 -0.1214980 -0.0569074 0.0313155 -0.0076830 0.0230982 0.0251793 0.9993865
1341845845.949895 -0.1417892 0.4798898 0.0866970 -0.0441031 -0.0047143 0.0200244 0.9988152
1341845845.981855 -0.1504420 0.5036719 0.0872874 -0.0417439 -0.0007888 0.0188102 0.9989510
1341845846.249670 -0.1526888 0.5534505 0.0891247 -0.0472079 -0.0021610 0.0262231 0.9985385
1341845846.318706 -0.1463549 0.5658821 0.0874745 -0.0511098 -0.0025227 0.0255649 0.9983626
1341845846.349746 -0.1459270 0.5573099 0.0893675 -0.0569003 -0.0020597 0.0282254 0.9979787
1341845846.385823 -0.1500197 0.5677158 0.0881536 -0.0572498 -0.0016679 0.0290888 0.9979346
1341845846.517804 -0.1367371 0.5854231 0.0838410 -0.0665475 -0.0000411 0.0304518 0.9973184
1341845846.585802 -0.1371293 0.5868577 0.0891598 -0.0728353 0.0001082 0.0307788 0.9968689
1341845846.621952 -0.1425892 0.5978369 0.0801229 -0.0722231 0.0026938 0.0287651 0.9969700
1341845846.687048 -0.1387625 0.5866537 0.0849520 -0.0773478 0.0028288 0.0264388 0.9966496
1341845846.721930 -0.1342071 0.5879835 0.0826796 -0.0770133 0.0036513 0.0260777 0.9966823
1341845846.755684 -0.1395291 0.5764380 0.0830431 -0.0788230 0.0043309 0.0257248 0.9965472
1341845846.821760 -0.1339151 0.5667900 0.0807723 -0.0771527 0.0053462 0.0241722 0.9967119
1341845846.853756 -0.1429317 0.5498909 0.0841621 -0.0778682 0.0067159 0.0245914 0.9966377
1341845846.889724 -0.1364481 0.5453076 0.0854963 -0.0721113 0.0040955 0.0249366 0.9970764
1341845846.953776 -0.1430183 0.5250673 0.0817552 -0.0682453 0.0063178 0.0227777 0.9973885
1341845846.989607 -0.1364681 0.5048298 0.0838543 -0.0657787 0.0032648 0.0246761 0.9975237
1341845847.089677 -0.1302724 0.4770183 0.0847402 -0.0619812 -0.0024573 0.0245541 0.9977722
1341845851.145889 -0.1226898 0.1537854 0.4944146 -0.0266274 0.0266717 0.0175450 0.9991355
1341845851.745927 -0.1222914 0.1698554 0.5731330 -0.0309897 0.0156885 0.0292849 0.9989674
1341845851.813848 -0.1117986 0.1676056 0.5802792 -0.0310534 0.0140826 0.0250792 0.9991038
1341845851.881832 -0.1095054 0.1589680 0.5849800 -0.0304229 0.0128707 0.0233519 0.9991814
1341845851.949904 -0.1089572 0.1640364 0.5800321 -0.0274138 0.0169014 0.0162949 0.9993485
1341845852.050012 -0.0975305 0.1633927 0.5738478 -0.0245380 0.0207953 0.0108125 0.9994241
1341845852.121076 -0.0945972 0.1625435 0.5656226 -0.0237056 0.0270403 0.0095613 0.9993075
1341845852.163838 -0.0894886 0.1613392 0.5639141 -0.0248616 0.0298814 0.0107772 0.9991861
1341845852.286726 -0.0998813 0.1631512 0.5490064 -0.0221984 0.0338356 0.0145359 0.9990751
1341845852.385657 -0.1063150 0.1534363 0.5353783 -0.0250511 0.0298445 0.0194348 0.9990516
1341845858.317768 -0.2133896 0.1625481 -0.2866547 -0.0550707 0.0037967 0.0190484 0.9982935
1341845859.085862 -0.1903366 0.1565326 -0.3324113 -0.0639950 0.0064869 0.0060317 0.9979109
1341845859.153800 -0.1886668 0.1547220 -0.3337701 -0.0680315 0.0084131 0.0044534 0.9976377
1341845859.221654 -0.1864415 0.1549510 -0.3406700 -0.0680715 0.0093105 0.0027558 0.9976332
1341845859.289745 -0.1877750 0.1536367 -0.3460278 -0.0717952 0.0124061 -0.0044455 0.9973323
1341845859.321911 -0.1852622 0.1477593 -0.3407961 -0.0728301 0.0123962 -0.0057940 0.9972505
1341845859.353758 -0.1773709 0.1483109 -0.3438201 -0.0722288 0.0128216 -0.0068588 0.9972821
1341845859.389950 -0.1788703 0.1446823 -0.3497567 -0.0721062 0.0152020 -0.0072482 0.9972548
1341845859.489859 -0.1775862 0.1442880 -0.3524892 -0.0723798 0.0205592 -0.0113708 0.9971004
1341845859.589783 -0.1732730 0.1414155 -0.3566140 -0.0706041 0.0247262 -0.0130360 0.9971127
1341845859.657759 -0.1653563 0.1337509 -0.3602537 -0.0702515 0.0296191 -0.0137034 0.9969953
1341845859.725812 -0.1721485 0.1277432 -0.3507986 -0.0682773 0.0332568 -0.0094254 0.9970674
1341845859.757824 -0.1644542 0.1315472 -0.3621121 -0.0651464 0.0346269 -0.0094026 0.9972304
1341845859.825831 -0.1725726 0.1278147 -0.3499315 -0.0610090 0.0373657 -0.0085795 0.9974007
1341845860.125763 -0.1718321 0.1276172 -0.3598079 -0.0482700 0.0241117 -0.0154001 0.9984245
1341845860.193724 -0.1826748 0.1264025 -0.3613055 -0.0458637 0.0169049 -0.0171962 0.9986566
1341845860.803824 -0.1685701 0.1375881 -0.3833460 -0.0364614 -0.0306759 -0.0235142 0.9985873
1341845860.929775 -0.1707044 0.1380085 -0.3796905 -0.0395628 -0.0362949 -0.0259864 0.9982195
1341845861.265692 -0.1719720 0.1294504 -0.3684379 -0.0374528 -0.0337725 -0.0289288 0.9983085
1341845861.507634 -0.1694186 0.1298251 -0.3675385 -0.0353530 -0.0334287 -0.0277065 0.9984313
1341845861.539675 -0.1691625 0.1213527 -0.3623580 -0.0356893 -0.0339360 -0.0280502 0.9983926
1341845861.671875 -0.1646763 0.1233488 -0.3578269 -0.0328116 -0.0333806 -0.0282441 0.9985046
1341845861.975661 -0.1587188 0.1222431 -0.3497037 -0.0281559 -0.0364577 -0.0341555 0.9983544
1341845862.175702 -0.1491880 0.1251943 -0.3500207 -0.0276248 -0.0274789 -0.0375599 0.9985344
1341845862.207672 -0.1438456 0.1270491 -0.3600861 -0.0289064 -0.0272968 -0.0390494 0.9984460
1341845862.311739 -0.1459181 0.1220866 -0.3392456 -0.0364118 -0.0254126 -0.0363642 0.9983516
1341845862.343750 -0.1407594 0.1208495 -0.3435790 -0.0353780 -0.0249647 -0.0324498 0.9985350
1341845862.375792 -0.1360156 0.1214667 -0.3396728 -0.0347155 -0.0226472 -0.0300611 0.9986883
1341845862.511723 -0.1267929 0.1241714 -0.3476298 -0.0277066 -0.0123507 -0.0221651 0.9992940
1341845863.283627 -0.1377041 0.1230528 -0.3533274 -0.0232249 0.0000147 -0.0256467 0.9994012
1341845863.315718 -0.1374324 0.1278449 -0.3586930 -0.0226575 0.0000397 -0.0251050 0.9994280
