1341846649.316071 0.000000000 0.000000000 0.000000000 0.000000000 0.000000000 0.000000000 1.000000000
1341846649.348041 0.005198449 -0.011359666 0.018770637 -0.002635239 -0.003221165 0.003091792 0.999986529
1341846649.383973 0.016640842 -0.014001486 0.016300175 -0.000441261 -0.009152576 0.007851447 0.999927163
1341846649.416053 0.019718835 0.015620849 -0.002292740 0.002411052 -0.008437613 0.001933230 0.999959588
1341846649.448084 0.023540638 0.004495673 0.006982855 -0.004523265 -0.005972294 0.002158388 0.999969602
1341846649.484154 0.024880141 -0.017703250 0.016968094 -0.009869052 -0.008415231 0.004971802 0.999903560
1341846649.516198 0.043151446 -0.009208056 0.018914616 -0.007969950 -0.012535515 0.002528383 0.999886453
1341846649.552101 0.051903915 -0.006054753 0.023083128 -0.006528209 -0.010972367 -0.001516451 0.999917328
1341846649.616167 0.049143039 -0.017668959 0.015617033 -0.006720069 -0.013671323 0.004109158 0.999875486
1341846649.678101 0.064976260 -0.024512377 0.016083475 -0.006947848 -0.017565086 0.001368465 0.999820650
1341846649.710937 0.048641976 -0.016203856 0.011684956 -0.004063112 -0.020877294 0.001191601 0.999773085
1341846649.746112 0.083514869 -0.029123994 0.013510196 -0.004972155 -0.032199513 -0.001048532 0.999468565
1341846649.778019 0.081543252 -0.030656174 0.007225723 -0.003578365 -0.035400949 -0.003314621 0.999361277
1341846649.810257 0.067953952 -0.046179738 -0.008960396 -0.004745952 -0.041236106 0.000347048 0.999138117
1341846649.846059 0.085752845 -0.015616537 -0.017763335 -0.002122759 -0.052794039 -0.005202786 0.998589575
1341846649.878137 0.102084272 -0.012461452 -0.003169616 -0.006987162 -0.060153097 -0.006499802 0.998143554
1341846649.914184 0.119640537 -0.043444678 0.012902305 -0.009395944 -0.068379939 -0.001454760 0.997614026
1341846649.952612 0.134152859 -0.016744735 0.012170531 -0.003370671 -0.072329208 -0.001441014 0.997374117
1341846650.014156 0.142302930 -0.026914056 0.010724758 -0.002882243 -0.076209612 0.007171459 0.997061849
1341846650.046184 0.159348205 -0.018702129 0.018121654 -0.000543731 -0.081067570 0.007557072 0.996679783
1341846650.078250 0.176761255 -0.019567693 0.031251468 0.000971484 -0.081832998 0.007422309 0.996617973
1341846650.114215 0.174470305 -0.026825331 0.022205941 0.001800707 -0.081001714 0.010006024 0.996662080
1341846650.146137 0.188823014 -0.023380551 0.036848623 0.004839758 -0.085200585 0.010995348 0.996291399
1341846650.182236 0.204081312 -0.024337122 0.039913431 0.008340535 -0.085885763 0.009444745 0.996225297
1341846650.214164 0.199481338 -0.021185035 0.025252348 0.010009021 -0.083271310 0.008390527 0.996441305
1341846650.246084 0.205255970 -0.024793239 0.021593079 0.008062052 -0.084630929 0.007902888 0.996348381
1341846650.282167 0.227373421 -0.037595488 0.046540800 0.009058804 -0.085723355 0.004441305 0.996267915
1341846650.314158 0.220156908 -0.028839797 0.031145208 0.012437960 -0.080049373 0.000457546 0.996713221
1341846650.350453 0.216336504 -0.030300340 0.013854355 0.010250367 -0.079214580 0.000025044 0.996804893
1341846650.382075 0.227848649 -0.035456784 0.033102334 0.007771580 -0.080594778 -0.002600560 0.996713221
1341846650.414224 0.253340542 -0.052016761 0.049670774 0.007419179 -0.079744443 -0.002204961 0.996785283
1341846650.450353 0.224103436 -0.036964420 0.032142635 0.011388093 -0.069996886 -0.001931746 0.997480333
1341846650.484849 0.225297511 -0.029737845 0.024709061 0.010135004 -0.067050055 -0.003796935 0.997690916
1341846650.514091 0.240292072 -0.050258186 0.037419125 0.006753262 -0.063800417 -0.004299716 0.997930586
1341846650.550746 0.223171979 -0.063267432 0.042161003 0.010248626 -0.054714140 -0.002865261 0.998445332
1341846650.582069 0.207441688 -0.042103052 0.030112594 0.017432539 -0.045866188 -0.004795046 0.998783946
1341846650.618092 0.198946267 -0.035968117 0.033634029 0.017552685 -0.039134189 -0.009041484 0.999038875
1341846650.650422 0.191212893 -0.039676499 0.038223721 0.017558597 -0.031035025 -0.011602226 0.999296725
1341846650.682114 0.175217211 -0.039854437 0.033453844 0.018381851 -0.022449328 -0.013328050 0.999490082
1341846650.718110 0.162197530 -0.046260454 0.038686913 0.017510355 -0.016498348 -0.015317568 0.999593198
1341846650.750112 0.167102665 -0.055012386 0.035755202 0.016795354 -0.011087804 -0.016478386 0.999661684
1341846650.782116 0.142317578 -0.055206101 0.048764519 0.018669283 0.002314568 -0.015709249 0.999699593
1341846650.818115 0.123713583 -0.054867908 0.048144557 0.021815091 0.007488663 -0.014454932 0.999629438
1341846650.850139 0.112990223 -0.050974458 0.027398225 0.022653196 0.012033058 -0.014538590 0.999565244
1341846650.886238 0.137153998 -0.063352615 0.022123318 0.018646289 0.017571043 -0.010536461 0.999616206
1341846650.918288 0.094664603 -0.063611045 0.006503452 0.018591823 0.033906244 -0.008003850 0.999220014
1341846650.950233 0.070579119 -0.053837333 0.035599988 0.021461595 0.043497015 -0.009019900 0.998782277
1341846650.986247 0.090711594 -0.058902875 0.048589926 0.020006513 0.049717329 -0.006089349 0.998544335
1341846651.050482 0.021140147 -0.047416620 0.036587235 0.024795696 0.074829832 0.000797064 0.996887684
1341846651.086169 -0.028272931 -0.045678508 0.042328171 0.021461787 0.091193981 0.005008024 0.995589256
1341846651.118423 0.006096387 -0.064321510 0.055440094 0.020288410 0.091919050 0.008296546 0.995525241
1341846651.154189 -0.014608168 -0.057485845 0.047761552 0.025830388 0.100086488 0.008910114 0.994603515
1341846651.186391 -0.029601378 -0.050199181 0.061448425 0.026144980 0.106863298 0.011741733 0.993860543
1341846651.218036 -0.039620493 -0.052282017 0.055831671 0.024003863 0.112227231 0.012459002 0.993314445
1341846651.254031 -0.051763624 -0.051975820 0.068066768 0.023850536 0.118062772 0.013505344 0.992627800
1341846651.286406 -0.067192703 -0.050621156 0.063431054 0.022198422 0.124168828 0.013518671 0.991920650
1341846651.318309 -0.079589471 -0.055283464 0.071173415 0.019492667 0.129221708 0.011333609 0.991359353
1341846651.354135 -0.077094197 -0.056957804 0.068470567 0.019650940 0.133588031 0.009913108 0.990792513
1341846651.386180 -0.107619919 -0.058471642 0.071749121 0.020382144 0.144430950 0.009870629 0.989255667
1341846651.422237 -0.119459309 -0.054510634 0.072917297 0.020705985 0.147157341 0.010273878 0.988842964
1341846651.492135 -0.122310601 -0.054571968 0.072988965 0.015953930 0.153077170 0.004363918 0.988075793
1341846651.560316 -0.165774673 -0.066812724 0.084956512 0.017321270 0.174748689 0.003443696 0.984454632
1341846651.622176 -0.195722193 -0.065079466 0.084830046 0.025663510 0.187120661 -0.000128591 0.982001662
1341846651.654223 -0.210311130 -0.068944022 0.085415915 0.028569581 0.191364124 0.000309087 0.981103182
1341846651.690127 -0.221571162 -0.071202546 0.084308222 0.032983106 0.194276229 0.002250129 0.980389595
1341846651.722318 -0.236342385 -0.065764561 0.084549643 0.037689865 0.198777109 0.003673153 0.979312837
1341846651.754212 -0.256293893 -0.059799619 0.079182774 0.040087774 0.203346834 0.004760627 0.978274167
1341846651.790200 -0.274387240 -0.052540768 0.070717767 0.039079756 0.209340453 0.003861091 0.977053940
1341846651.822233 -0.283960134 -0.064624675 0.089576781 0.038171414 0.215986490 0.006986211 0.975624919
1341846651.858213 -0.282453030 -0.100238577 0.085189700 0.042488929 0.218176603 0.010883956 0.974923193
1341846651.890237 -0.308256000 -0.062513888 0.078202337 0.056032941 0.226009995 0.010394488 0.972456574
1341846651.922186 -0.327874839 -0.061050899 0.079784922 0.057428237 0.231476009 0.012372505 0.971065342
1341846651.958047 -0.337938815 -0.065795176 0.083001450 0.059296317 0.234172404 0.013498366 0.970291197
1341846651.990020 -0.330777019 -0.077478610 0.079025999 0.065978914 0.236997083 0.019564174 0.969069839
1341846652.022081 -0.366312295 -0.062373888 0.083221190 0.074094124 0.244820133 0.020667506 0.966512322
1341846652.058058 -0.387789994 -0.055027109 0.080669612 0.075073875 0.247362390 0.022338219 0.965751946
1341846652.090106 -0.395544052 -0.054479990 0.084852017 0.072590940 0.249585226 0.021640677 0.965385675
1341846652.126257 -0.409807414 -0.056613438 0.077925988 0.070093118 0.253794163 0.022044076 0.964463353
1341846652.158232 -0.423546493 -0.057474528 0.086888656 0.068559699 0.256761640 0.023100795 0.963763118
1341846652.190049 -0.428472787 -0.061855689 0.092545629 0.067297079 0.258627415 0.022020111 0.963378489
1341846652.225981 -0.415798366 -0.052294627 0.111767501 0.069844298 0.264389634 0.020776803 0.961659074
1341846652.258089 -0.453758121 -0.067380831 0.108860753 0.070673332 0.274299860 0.025877926 0.958694518
1341846652.290189 -0.465036064 -0.074630752 0.120033287 0.073498771 0.275438696 0.026815381 0.958129585
1341846652.326148 -0.468025923 -0.075638846 0.116944045 0.081052892 0.276415467 0.027189506 0.957228124
1341846652.358184 -0.487545401 -0.065411374 0.121576756 0.084962696 0.281832606 0.027579609 0.955296338
1341846652.394279 -0.502082348 -0.068205334 0.128387064 0.084991962 0.284716517 0.026756521 0.954461634
1341846652.426287 -0.509802818 -0.073510975 0.134452060 0.086054146 0.287100971 0.025693851 0.953681052
1341846652.458277 -0.523347259 -0.075328141 0.137312204 0.088452004 0.291575253 0.026044505 0.952093363
1341846652.494100 -0.547409177 -0.092216536 0.118684620 0.089139588 0.294564098 0.027192900 0.951076567
1341846652.526469 -0.540241718 -0.068436503 0.144530788 0.091071472 0.298615903 0.024580929 0.949700117
1341846652.562089 -0.555462480 -0.086664714 0.152928695 0.088982940 0.306309581 0.026608193 0.947390378
1341846652.594254 -0.569978416 -0.082361378 0.166062146 0.091954544 0.319667578 0.026003662 0.942698658
1341846652.626356 -0.573694170 -0.096752740 0.171120614 0.090907305 0.330757290 0.026033884 0.938966274
1341846652.662152 -0.598326564 -0.082417175 0.153442830 0.092347614 0.347158909 0.020793162 0.933016777
1341846652.694113 -0.629789352 -0.104184508 0.150518313 0.083063737 0.374290913 0.015399196 0.923455238
1341846652.726378 -0.618900537 -0.111533239 0.153176203 0.084240586 0.398792952 0.017329609 0.912999094
1341846652.762129 -0.656834364 -0.101797052 0.217676058 0.083239034 0.434964210 0.014402431 0.896476388
1341846652.794152 -0.663090944 -0.110737406 0.201983228 0.079039864 0.462585717 0.018903242 0.882841885
1341846652.830250 -0.665415764 -0.135722920 0.214742720 0.073695309 0.491579056 0.023639997 0.867386997
1341846652.862014 -0.719431520 -0.138740748 0.286523044 0.072135709 0.522362411 0.026791219 0.849244475
1341846658.226027 -0.191508353 -0.041433714 0.071258783 0.074215561 0.249639839 0.029973941 0.965025127
1341846658.258133 -0.191710934 -0.031373966 0.070102304 0.077255353 0.251448125 0.028208053 0.964370131
1341846658.290020 -0.193043515 -0.032690030 0.069596320 0.074938454 0.256398201 0.024793424 0.963342845
1341846658.326239 -0.203802362 -0.031951968 0.075805306 0.074540392 0.261459589 0.021262165 0.962096989
1341846658.358248 -0.206207320 -0.018112643 0.079929829 0.072749481 0.261769027 0.019793190 0.962181211
1341846658.390215 -0.199801371 -0.029168271 0.071512498 0.064518236 0.260176390 0.017295724 0.963247836
1341846658.426300 -0.203994811 -0.039936543 0.084830642 0.061375279 0.265008777 0.016531793 0.962148666
1341846658.458168 -0.219680399 -0.044906992 0.087422416 0.062687382 0.265553296 0.016686101 0.961911261
1341846658.494176 -0.223112002 -0.034282908 0.078039140 0.062724061 0.259235680 0.020397743 0.963559270
1341846658.526214 -0.208078369 -0.026225219 0.085773639 0.054532029 0.256319672 0.022514556 0.964789867
1341846658.558129 -0.220301777 -0.035844564 0.076476857 0.043052167 0.253963292 0.027391454 0.965866864
1341846659.198696 -0.222273707 -0.055519767 0.087161705 -0.061030634 0.230610564 0.054575063 0.969595551
1341846659.231286 -0.220028386 -0.036276009 0.077236854 -0.059709933 0.234779954 0.050908931 0.968876302
1341846659.263549 -0.225375861 -0.072868094 0.082583249 -0.065766476 0.237061262 0.056701172 0.967606127
1341846659.298797 -0.227344930 -0.033983532 0.088928834 -0.058341198 0.236045480 0.054920264 0.968433022
1341846659.331074 -0.218785882 -0.054937705 0.076698132 -0.063837945 0.235751256 0.056682907 0.968056321
1341846659.362420 -0.214111865 -0.060610600 0.081234567 -0.065068871 0.237313241 0.057364177 0.967552483
1341846659.398303 -0.220841780 -0.060857650 0.086650670 -0.061874911 0.238232046 0.059056636 0.967434406
1341846659.430262 -0.222472146 -0.041668255 0.080921784 -0.058119643 0.237789541 0.058301955 0.967821896
1341846659.466583 -0.223380148 -0.050548986 0.078855321 -0.061136793 0.240826875 0.058589425 0.966867089
1341846659.498531 -0.227990732 -0.060595248 0.087721914 -0.060548719 0.241595238 0.060044792 0.966623068
1341846659.530267 -0.217157960 -0.052221231 0.079682514 -0.057212248 0.237799361 0.059361592 0.967809081
1341846659.566571 -0.205381095 -0.054472864 0.072418496 -0.057625320 0.238296747 0.058314178 0.967725933
1341846659.598122 -0.217571348 -0.056325883 0.080434710 -0.055609878 0.242919028 0.059539653 0.966619313
1341846659.630209 -0.236875385 -0.067167304 0.082375929 -0.054473553 0.243289605 0.061317962 0.966479659
1341846659.666409 -0.212605655 -0.045532856 0.070323057 -0.051693082 0.238518462 0.057095960 0.968078911
1341846659.698237 -0.225939184 -0.064561635 0.071769826 -0.056038469 0.241626590 0.057309553 0.967053235
1341846659.734169 -0.234811991 -0.061690141 0.073170900 -0.054608665 0.237071902 0.055682920 0.968356490
1341846659.766421 -0.225934193 -0.055016071 0.071479768 -0.054052357 0.233590558 0.052765217 0.969396532
1341846659.798087 -0.230474159 -0.060060970 0.072235361 -0.054917142 0.235033259 0.051962942 0.969042480
1341846659.834075 -0.239973247 -0.055412471 0.072592303 -0.051728271 0.233000889 0.052876398 0.969659150
1341846659.866481 -0.237206519 -0.054507483 0.073861942 -0.051278826 0.228788167 0.051937200 0.970736325
1341846659.898128 -0.228568986 -0.064174674 0.072689615 -0.052639794 0.226279572 0.052734718 0.971208394
1341846659.934286 -0.234735370 -0.070145957 0.075863153 -0.050107565 0.225428164 0.053929389 0.971474648
1341846659.966354 -0.243238136 -0.061848007 0.073321834 -0.046448518 0.222515956 0.052568026 0.972402096
1341846660.002267 -0.235610843 -0.061195374 0.070991188 -0.046101149 0.219852418 0.050205827 0.973149002
1341846660.034581 -0.238489240 -0.071196362 0.072033249 -0.045785148 0.220209971 0.049324971 0.973128140
1341846660.066206 -0.240494817 -0.072223850 0.075041652 -0.041338407 0.215913534 0.049596392 0.974275470
1341846660.102245 -0.236102402 -0.062241003 0.065723389 -0.036744308 0.212031320 0.045053016 0.975532115
1341846660.140244 -0.243955657 -0.057905030 0.070468009 -0.035733148 0.214390218 0.043399405 0.975128949
1341846660.202316 -0.246481374 -0.066305570 0.070085786 -0.032518525 0.207817182 0.042595066 0.976698637
1341846660.234105 -0.240250006 -0.062548742 0.064905733 -0.029236266 0.207936466 0.039487515 0.976907611
1341846660.270168 -0.249336585 -0.090431817 0.066929929 -0.027481399 0.209042072 0.040214095 0.976692915
1341846660.302258 -0.252256423 -0.102888435 0.067866266 -0.015772548 0.205238745 0.037476525 0.977866948
1341846660.334349 -0.239477292 -0.085073531 0.063335672 -0.001149248 0.203198224 0.033144161 0.978575826
1341846660.370214 -0.250274092 -0.072599299 0.063247114 0.004246762 0.205989689 0.030215563 0.978078306
1341846660.401986 -0.256238520 -0.068454020 0.063033149 0.004843685 0.204453751 0.029428501 0.978421807
1341846660.438062 -0.251901388 -0.075681232 0.060128935 0.004009800 0.203060463 0.028246399 0.978750467
1341846660.470191 -0.255974323 -0.080347292 0.065997712 0.006230829 0.204249412 0.027712062 0.978506744
1341846660.502233 -0.254972488 -0.079455309 0.061406206 0.008314868 0.201054841 0.028741784 0.979122937
1341846660.537985 -0.248070717 -0.075219370 0.057616420 0.008453872 0.199782729 0.028633626 0.979385257
1341846660.570279 -0.248119354 -0.085212372 0.060268871 0.008692797 0.201194495 0.030826433 0.979027569
1341846660.602130 -0.262686312 -0.081447013 0.066692039 0.014797980 0.200868577 0.032636683 0.978962541
1341846660.638256 -0.250929147 -0.066495560 0.061294217 0.017386621 0.197316930 0.031205075 0.979688704
1341846660.670338 -0.243935913 -0.076923326 0.054921627 0.014835062 0.199914083 0.033010643 0.979144812
1341846660.706457 -0.253463984 -0.087889992 0.061566420 0.019585641 0.202123687 0.035746451 0.978511393
1341846660.738241 -0.248063594 -0.073827304 0.055431996 0.027748842 0.199710310 0.035698347 0.978811264
1341846660.770121 -0.238545433 -0.072590679 0.049881347 0.029831663 0.202368319 0.035306085 0.978218079
1341846660.806117 -0.243425757 -0.092044696 0.051849637 0.031506136 0.207702309 0.035564139 0.977037549
1341846660.838338 -0.249529257 -0.096243382 0.052411161 0.041268226 0.207853287 0.036486566 0.976607740
1341846660.870203 -0.241675317 -0.082567647 0.046698108 0.049924169 0.207890213 0.033635270 0.976298094
1341846660.906366 -0.236439615 -0.092894815 0.045214515 0.053132955 0.213492095 0.032816540 0.974946737
1341846660.938063 -0.251471281 -0.107330143 0.049621023 0.061183427 0.216558814 0.032802306 0.973798156
1341846660.974147 -0.244611204 -0.083412237 0.044090096 0.076619364 0.215116590 0.030302461 0.973106384
1341846661.006234 -0.242431864 -0.082880072 0.038345389 0.079013027 0.218861595 0.029182425 0.972113609
1341846661.038225 -0.254074097 -0.100470565 0.048474617 0.080397442 0.221023753 0.029343946 0.971505880
1341846661.074059 -0.244621068 -0.128356993 0.037683513 0.088624515 0.217390254 0.029010700 0.971620083
1341846661.106184 -0.244261920 -0.084421560 0.038300585 0.101639427 0.219328403 0.025569642 0.970005512
1341846661.138209 -0.250272542 -0.075702041 0.038101889 0.100439012 0.220632076 0.024468357 0.969863296
1341846661.174244 -0.244597346 -0.093264274 0.039928764 0.099028699 0.220512867 0.024986820 0.970022202
1341846661.206205 -0.249074101 -0.089085057 0.039136149 0.103356928 0.221816540 0.024494460 0.969285667
1341846661.242184 -0.250385761 -0.079748668 0.038475078 0.105419673 0.221870631 0.024376815 0.969054103
1341846661.274177 -0.247793749 -0.075532101 0.041821338 0.103932224 0.222537547 0.023454210 0.969084620
1341846661.308814 -0.250212908 -0.081146777 0.043938484 0.102124475 0.222412497 0.024202883 0.969287097
1341846661.342489 -0.249101579 -0.078630567 0.039746333 0.101566121 0.221295536 0.023247354 0.969624758
1341846661.374640 -0.247379452 -0.083321907 0.041097447 0.099956267 0.221573099 0.023026811 0.969733894
1341846661.410178 -0.253681332 -0.097585902 0.045168005 0.103130072 0.220627770 0.024245471 0.969587386
1341846661.442211 -0.245668381 -0.080341533 0.034961373 0.108686574 0.217498958 0.022593103 0.969727278
1341846661.474354 -0.249458879 -0.074616544 0.038748533 0.107574239 0.219780996 0.021125758 0.969369829
1341846661.510169 -0.260081828 -0.072831839 0.043328397 0.105938889 0.219247177 0.020900609 0.969675601
1341846661.542767 -0.252806455 -0.062087148 0.035153832 0.100974455 0.216942474 0.018732551 0.970767319
1341846661.574217 -0.249246985 -0.085541345 0.040059905 0.096361570 0.217826530 0.020299565 0.971006691
1341846661.610041 -0.256547183 -0.083843574 0.043900102 0.100148849 0.215551957 0.019805895 0.971141219
1341846661.642253 -0.250144571 -0.069065213 0.039758969 0.100335032 0.214215085 0.018795850 0.971437812
1341846661.678078 -0.254576862 -0.080058172 0.044155810 0.098005995 0.214803591 0.019715212 0.971527398
1341846661.710142 -0.253958911 -0.096331112 0.050434500 0.100452930 0.213028610 0.020189328 0.971658528
1341846661.742341 -0.249994904 -0.112289548 0.043581590 0.106344432 0.211136043 0.018237120 0.971483290
1341846661.778063 -0.244477078 -0.104351178 0.043315247 0.115593918 0.211224824 0.014461786 0.970470488
1341846661.810103 -0.253276438 -0.102595478 0.048638750 0.121847659 0.213195935 0.010268639 0.969327152
1341846661.842216 -0.252860010 -0.101994902 0.045601163 0.129456922 0.212717980 0.007433269 0.968471289
1341846661.878157 -0.252389014 -0.088775404 0.036655717 0.134817123 0.213492930 0.004722800 0.967586040
1341846661.910222 -0.255080223 -0.087338209 0.043091953 0.135849655 0.216686457 0.003189940 0.966737628
1341846661.946090 -0.256236941 -0.095303655 0.044632796 0.138067693 0.217123494 0.002406984 0.966327548
1341846662.010311 -0.253500313 -0.105648115 0.046745382 0.151912585 0.217331931 -0.001362136 0.964203060
1341846662.046195 -0.264610291 -0.103301793 0.047994040 0.160329536 0.216412902 -0.004500852 0.963036656
1341846662.078099 -0.257187098 -0.100544207 0.046752617 0.165908620 0.215514913 -0.006643562 0.962280393
1341846662.110672 -0.260030389 -0.102676496 0.044768471 0.172059521 0.217696413 -0.009113114 0.960687637
1341846662.146166 -0.269183815 -0.101883136 0.047083568 0.180464715 0.217019811 -0.009401491 0.959294796
1341846662.178168 -0.262768120 -0.106210843 0.042744387 0.186924115 0.215882018 -0.009281699 0.958315313
1341846662.214136 -0.263342083 -0.109358884 0.039578691 0.201186106 0.217507079 -0.008804786 0.955058813
1341846662.246167 -0.266805470 -0.113186434 0.034915172 0.209817261 0.215711519 -0.008841217 0.953607440
1341846662.278007 -0.264245749 -0.099308178 0.044818632 0.214315608 0.216530487 -0.012697799 0.952377141
1341846662.314144 -0.266430497 -0.098407634 0.040321480 0.219870731 0.218823209 -0.014688165 0.950556457
1341846662.346164 -0.270772904 -0.097420156 0.042925060 0.224606514 0.217304453 -0.014868082 0.949794471
1341846662.378069 -0.263021082 -0.104625605 0.033698436 0.230384886 0.216655746 -0.015241392 0.948551953
1341846662.414229 -0.265351743 -0.098307185 0.035678495 0.237623557 0.218044192 -0.015962517 0.946433842
1341846662.446102 -0.270440638 -0.105877437 0.045593359 0.243256301 0.217257679 -0.015525676 0.945190132
1341846662.482229 -0.263535172 -0.118360519 0.043946568 0.250035405 0.215833709 -0.017819131 0.943705797
1341846662.514117 -0.267812431 -0.109203815 0.056220319 0.259977579 0.217378259 -0.019507363 0.940626264
1341846662.546261 -0.268437624 -0.112236455 0.040620230 0.266564041 0.216486722 -0.018480632 0.939007759
1341846662.582101 -0.253083527 -0.085236058 0.023508670 0.271443427 0.216465428 -0.023182934 0.937509358
1341846662.620264 -0.266790032 -0.104627170 0.038396634 0.273300618 0.218661800 -0.021226497 0.936505854
1341846662.682024 -0.270156860 -0.101651400 0.044030555 0.281578362 0.218055218 -0.023334038 0.934141874
1341846662.714075 -0.260628551 -0.099106379 0.033298183 0.282827824 0.217948809 -0.023053361 0.933796167
1341846662.750127 -0.252673894 -0.104142390 0.026015598 0.287713736 0.215488464 -0.020621724 0.932931006
1341846662.782002 -0.258197069 -0.091078192 0.028652085 0.290760368 0.215707019 -0.023164827 0.931875646
1341846662.814097 -0.281154007 -0.081849538 -0.008977301 0.287013233 0.216281101 -0.023305777 0.932900190
1341846662.850193 -0.262162834 -0.098944634 0.032196097 0.288784087 0.214552745 -0.022507217 0.932772338
1341846662.882162 -0.270768493 -0.087858431 0.026546434 0.291740179 0.214254975 -0.022208435 0.931927741
1341846662.918191 -0.273743540 -0.082580075 0.004617881 0.289948255 0.213469267 -0.023169549 0.932643592
1341846662.956034 -0.267831326 -0.096419811 0.024384508 0.289954394 0.213068694 -0.023383014 0.932727933
1341846663.018208 -0.268108249 -0.092557222 0.033580769 0.295519948 0.210183814 -0.023697255 0.931627154
1341846663.049994 -0.256364077 -0.086260051 0.033005133 0.295536548 0.208918005 -0.025572155 0.931856990
1341846663.118078 -0.266405851 -0.091305763 0.036224984 0.296413422 0.210181683 -0.027801896 0.931230247
1341846663.150227 -0.262971401 -0.098279230 0.053119197 0.297021419 0.210932404 -0.029672530 0.930808961
1341846663.186300 -0.276930809 -0.087438568 0.013729185 0.295667499 0.211705178 -0.029736478 0.931062520
1341846663.218442 -0.303224593 -0.066105247 -0.003060866 0.292372793 0.213052496 -0.030613419 0.931766927
1341846663.250380 -0.303566307 -0.082766309 0.003189493 0.286004812 0.213947162 -0.029940004 0.933558524
1341846663.286056 -0.288399369 -0.092633687 -0.017667565 0.280957878 0.213042483 -0.028538881 0.935340047
1341846663.622145 -0.265308619 -0.073313728 0.050730497 0.209445938 0.202534378 -0.003690894 0.956607878
1341846663.654099 -0.269252330 -0.063840777 0.048125371 0.204214573 0.202337086 -0.004207017 0.957777858
1341846663.686099 -0.262635767 -0.061825383 0.050096724 0.196181953 0.201825052 -0.000458630 0.959572375
1341846663.722109 -0.263366729 -0.067273363 0.051294535 0.186807185 0.201498777 0.000555409 0.961509764
1341846663.755694 -0.261047333 -0.068796992 0.049988382 0.182556480 0.202672362 0.002034906 0.962077439
1341846663.786304 -0.258968592 -0.066400893 0.048297085 0.172608823 0.204711333 0.003505088 0.963476658
1341846663.854115 -0.260450542 -0.061782312 0.053033169 0.144937173 0.205654934 0.006782034 0.967808485
1341846663.890140 -0.261358708 -0.025255537 0.056929097 0.141677499 0.207444116 0.007423679 0.967904627
1341846663.921987 -0.274233818 0.015934041 0.065380678 0.128665254 0.211346805 0.004675166 0.968894184
1341846663.954282 -0.260399818 -0.049730964 0.052178636 0.101864502 0.209837258 0.011428539 0.972348332
1341846663.990370 -0.254498810 -0.072366565 0.049010664 0.088449076 0.212189257 0.017037164 0.973068476
1341846664.022124 -0.269939631 -0.054829661 0.059352502 0.076362848 0.216963917 0.015237209 0.973068953
1341846664.054171 -0.260604501 -0.038494479 0.054709233 0.063953005 0.215832993 0.016540801 0.974193275
1341846664.090250 -0.263056636 -0.052485418 0.049586296 0.052620187 0.217653126 0.019913375 0.974403203
1341846664.122237 -0.262966186 -0.055525713 0.050513923 0.047456071 0.217736855 0.021876246 0.974607646
1341846664.158241 -0.266196787 -0.047347587 0.053864364 0.043264616 0.217396513 0.022303643 0.974868953
1341846664.190141 -0.258442283 -0.040646803 0.049560528 0.033180904 0.216454566 0.022762647 0.975463152
1341846664.222189 -0.266576439 -0.053837977 0.050717678 0.023612080 0.218801841 0.025030235 0.975162387
1341846664.258172 -0.263556063 -0.053876620 0.052182201 0.019867353 0.217581287 0.026568692 0.975478232
1341846664.290022 -0.260248214 -0.034725957 0.057426430 0.015759965 0.218802869 0.025699588 0.975303233
1341846664.322491 -0.265694648 -0.037967663 0.056866892 0.004767319 0.221115962 0.026357409 0.974879622
1341846664.358302 -0.265372097 -0.039472099 0.052051488 -0.003008571 0.220174789 0.029714478 0.975003123
1341846664.390101 -0.260982573 -0.035712145 0.048402067 -0.009556443 0.219228894 0.031011939 0.975133657
1341846664.426143 -0.261081308 -0.036442369 0.050501890 -0.018456958 0.220255300 0.032687329 0.974719703
1341846664.458304 -0.260183930 -0.043075781 0.052571103 -0.028657144 0.220267177 0.034296330 0.974415123
1341846664.490116 -0.256417096 -0.037841663 0.053344537 -0.036818665 0.221265003 0.035760690 0.973862112
1341846664.526173 -0.261594117 -0.039730266 0.057018690 -0.044941388 0.222518876 0.038052987 0.973148286
1341846664.558129 -0.258966058 -0.034841266 0.054664470 -0.051336296 0.221286729 0.039945439 0.973037064
1341846664.590129 -0.257642061 -0.030721724 0.053357173 -0.057881292 0.223410875 0.040715214 0.972152054
1341846664.626196 -0.256732225 -0.044431739 0.057041574 -0.062166177 0.225310475 0.043446325 0.971330523
1341846664.658276 -0.252686113 -0.070917994 0.055285126 -0.063984491 0.223467425 0.045281682 0.971554399
1341846664.694136 -0.253333330 -0.032909423 0.054173008 -0.056662653 0.224473193 0.040675640 0.971980810
1341846664.726667 -0.255126029 -0.032336816 0.053061489 -0.060413405 0.227789298 0.040533211 0.970988810
1341846664.758141 -0.264047295 -0.060779799 0.054077089 -0.066586465 0.228878170 0.044693075 0.970146179
1341846664.794104 -0.255963892 -0.029260028 0.055454344 -0.061532743 0.226155564 0.042263471 0.971226692
1341846664.826123 -0.264495373 -0.029382279 0.056213602 -0.063558221 0.228792906 0.044221427 0.970390975
1341846664.862093 -0.272159576 -0.042365659 0.061238229 -0.067024969 0.229083076 0.046474632 0.969983876
1341846664.894198 -0.256422132 -0.035471048 0.055982303 -0.066190556 0.225667492 0.046351485 0.970847368
1341846664.926270 -0.252531052 -0.037434604 0.053181067 -0.068510607 0.227797389 0.046599694 0.970176816
1341846664.962375 -0.266510487 -0.031282172 0.056414783 -0.069081791 0.230303481 0.047590643 0.969496310
1341846664.997077 -0.263284802 -0.033164393 0.055461951 -0.071982875 0.229631111 0.047056362 0.969470859
1341846665.026380 -0.259970725 -0.034443356 0.053971373 -0.075395793 0.230279550 0.046712190 0.969074190
1341846665.062417 -0.260783911 -0.035120763 0.055577882 -0.076126799 0.230174482 0.048224665 0.968967915
1341846665.094077 -0.259574622 -0.024971142 0.049286239 -0.077129826 0.229049131 0.048069865 0.969162941
1341846665.130160 -0.258879006 -0.019919448 0.049453758 -0.081582576 0.231921062 0.048867326 0.968074799
1341846665.162114 -0.263947248 -0.031467166 0.053584158 -0.086629353 0.231543437 0.052790660 0.967520595
1341846665.194100 -0.252212703 -0.024133857 0.047778510 -0.087483041 0.227833211 0.052455649 0.968342423
1341846665.230221 -0.265624791 -0.049847238 0.052928224 -0.098968334 0.233283848 0.053941451 0.965854168
1341846665.262005 -0.268934876 -0.022407874 0.047474757 -0.103127256 0.233452335 0.054197617 0.965363860
1341846665.300077 -0.264531821 -0.020497929 0.045694552 -0.110288538 0.232009605 0.056743383 0.964773655
1341846665.362294 -0.267124236 -0.028792124 0.050866783 -0.121364914 0.236528724 0.059425905 0.962181509
1341846665.398079 -0.264984429 -0.021027360 0.043902174 -0.123092785 0.232883766 0.059410468 0.962851882
1341846665.430162 -0.270948201 -0.016731307 0.048245527 -0.131643519 0.234895721 0.056545839 0.961403430
1341846665.462226 -0.270279676 -0.004060034 0.044446416 -0.140639529 0.238434926 0.058903527 0.959114015
1341846665.498226 -0.267457604 -0.009725621 0.041548580 -0.147050068 0.235046253 0.061520401 0.958824694
1341846665.530109 -0.265746117 -0.019809891 0.046922103 -0.149090305 0.234898493 0.062986135 0.958450615
1341846665.562222 -0.272340089 -0.013742344 0.046492442 -0.148461401 0.237426624 0.064162739 0.957847059
1341846665.598196 -0.267138034 -0.017570514 0.041100830 -0.150802746 0.234707892 0.065518565 0.958059490
1341846665.630107 -0.267687261 -0.009668766 0.040648393 -0.152813435 0.235270724 0.064674594 0.957660139
1341846665.666289 -0.272188187 -0.016551092 0.040084280 -0.158379510 0.238101020 0.065951258 0.955967724
1341846665.698060 -0.273530215 -0.020960048 0.041311726 -0.162243515 0.236880139 0.067475684 0.955516577
1341846665.730361 -0.270242989 -0.012613244 0.035489753 -0.163262293 0.235389844 0.066699363 0.955765784
1341846665.766193 -0.272207469 -0.012376510 0.033161938 -0.167604983 0.237378955 0.067665651 0.954453290
1341846665.798338 -0.275761932 -0.013858179 0.034407631 -0.171244726 0.238607317 0.068407290 0.953447580
1341846665.834237 -0.276173919 -0.009559125 0.030873999 -0.174142390 0.238388464 0.069096096 0.952927649
1341846665.866106 -0.271896958 -0.000443418 0.023919366 -0.178113624 0.239271283 0.070855998 0.951842546
1341846665.898073 -0.271594048 -0.008651711 0.023573026 -0.187749639 0.241649762 0.071852773 0.949311674
1341846665.934076 -0.276740819 -0.013720479 0.026326433 -0.193204641 0.241439417 0.074772708 0.948044300
1341846665.966137 -0.289170921 -0.024811419 0.032480590 -0.199579313 0.243395746 0.076460078 0.946086943
1341846665.998149 -0.286022693 -0.015740197 0.029429533 -0.201811522 0.245693460 0.078236513 0.944873452
1341846666.034210 -0.276119947 -0.007224042 0.023990691 -0.199757516 0.242565289 0.080513358 0.945926309
1341846666.072502 -0.283916444 -0.008694392 0.024292991 -0.201186538 0.243220896 0.080410294 0.945463777
1341846666.134147 -0.280613810 -0.009394500 0.024291277 -0.209395736 0.244650453 0.083470806 0.943044126
1341846666.166356 -0.281094015 0.001301438 0.018965393 -0.208712041 0.243051261 0.082971111 0.943653107
1341846666.202327 -0.281199157 -0.014138009 0.019566938 -0.214278102 0.245034784 0.083227642 0.941868365
1341846666.234319 -0.279932827 -0.004694503 0.017658658 -0.214790329 0.243105024 0.084282257 0.942157924
1341846666.266322 -0.280047625 -0.002026651 0.012306072 -0.218225271 0.240162298 0.083732389 0.942172348
1341846666.302195 -0.294463307 -0.033430252 0.020272925 -0.232478887 0.244093224 0.089001030 0.937257111
1341846666.335080 -0.273233414 -0.099325985 0.041927718 -0.254209340 0.241285607 0.097006626 0.931530237
1341846666.370216 -0.253752470 -0.080565795 0.039031804 -0.257062703 0.234048158 0.098697342 0.932415724
1341846666.402019 -0.240465850 -0.097771518 0.034719624 -0.265829206 0.231609821 0.102719270 0.930129290
1341846666.434088 -0.222018152 -0.110424429 0.043297186 -0.274003863 0.229597941 0.107774474 0.927680612
1341846666.470060 -0.192616373 -0.124953270 0.042138480 -0.278597534 0.222089767 0.112945460 0.927525103
1341846666.502190 -0.215969965 -0.146697283 0.051823743 -0.287052959 0.226878405 0.111947462 0.923901796
1341846666.534121 -0.181189761 -0.160641760 0.064846247 -0.298249662 0.223246664 0.122649759 0.919872344
1341846666.570131 -0.100726604 -0.198102713 0.067081138 -0.315442145 0.208154067 0.134573728 0.916001141
1341846666.602180 -0.092158243 -0.224571064 0.077301338 -0.328735739 0.206679672 0.133190632 0.911853373
1341846666.638072 -0.088666946 -0.243394390 0.082610294 -0.339359373 0.206645742 0.134102866 0.907826602
1341846666.670134 -0.092573553 -0.257951409 0.092273451 -0.345462620 0.206090391 0.136164233 0.905340612
1341846666.738266 -0.112657458 -0.292458296 0.143206120 -0.361230463 0.210281119 0.132949635 0.898676157
1341846667.674072 -0.382793307 0.034301750 -0.023128152 -0.193489522 0.233896375 0.063305654 0.950708508
1341846667.710179 -0.348841757 -0.014476754 -0.007965803 -0.203442112 0.232264757 0.059821479 0.949255347
1341846667.742255 -0.367964149 -0.006927438 -0.013348475 -0.196392462 0.236196890 0.060670119 0.949715793
1341846667.774114 -0.368204325 0.002372392 -0.021706291 -0.187186003 0.234984115 0.060177252 0.951904714
1341846667.810099 -0.388895988 0.025291003 -0.014156759 -0.179708093 0.242667288 0.058648463 0.951513529
1341846667.842103 -0.389006913 0.019570462 -0.016451523 -0.177271575 0.244804919 0.055406339 0.951617301
1341846667.878139 -0.404882342 0.039734840 -0.006663322 -0.163080812 0.247065380 0.055859655 0.953542352
1341846667.910558 -0.387197912 0.001092598 -0.009945929 -0.165288135 0.247665569 0.052607920 0.953191459
1341846667.942116 -0.398139745 0.005366862 -0.001991242 -0.160302117 0.254047096 0.050308529 0.952487469
1341846667.978287 -0.389992774 -0.011241071 -0.004532143 -0.155600294 0.251999348 0.051160336 0.953764915
1341846668.010215 -0.391975671 -0.005687751 -0.007569283 -0.146999687 0.255274832 0.048972998 0.954372823
1341846668.046247 -0.400503755 -0.010636304 0.012084752 -0.139947891 0.262093335 0.046944797 0.953686416
1341846668.078111 -0.383883715 -0.028460452 -0.000024512 -0.133483931 0.259502798 0.047046017 0.955315113
1341846668.110130 -0.361071706 -0.039206155 -0.011716783 -0.127943560 0.257106125 0.047356978 0.956704915
1341846668.146332 -0.364422619 -0.016887676 0.004471153 -0.117115773 0.263788819 0.041991793 0.956522882
1341846668.178208 -0.388750672 -0.028248843 0.014054224 -0.108164832 0.266326398 0.044324651 0.956768453
1341846668.211262 -0.389545709 -0.053521857 0.026121750 -0.100869864 0.267222941 0.042365517 0.957403958
1341846668.246163 -0.399097741 -0.027746264 0.025706664 -0.083159924 0.271125048 0.039889172 0.958115041
1341846668.278397 -0.408268958 -0.040936787 0.033335716 -0.072317675 0.271175683 0.038592190 0.959033132
1341846668.314248 -0.423490793 -0.026842592 0.056353852 -0.060254119 0.275757849 0.034082886 0.958731115
1341846668.346231 -0.428515881 -0.009675081 0.055706978 -0.050388299 0.278610915 0.034394082 0.958464384
1341846668.378099 -0.395870805 -0.016059250 0.026889682 -0.045551632 0.270089626 0.035642907 0.961096346
1341846668.414247 -0.397421777 -0.020199019 0.026218161 -0.039760575 0.270599633 0.034059327 0.961267352
1341846668.445965 -0.411851227 -0.045270391 0.032259926 -0.036833853 0.273844153 0.034686126 0.960442364
1341846668.478153 -0.418510109 -0.071040779 0.050585374 -0.027067849 0.273594081 0.033160437 0.960892320
1341846668.514213 -0.398128361 -0.063828379 0.025660440 -0.005301469 0.269432068 0.031866085 0.962477446
1341846668.546115 -0.408747405 -0.023913685 0.033933669 0.007691618 0.272036791 0.026980806 0.961877763
1341846668.582467 -0.407817096 -0.037590757 0.036332816 0.011918900 0.271842360 0.023597268 0.961978614
1341846668.614140 -0.407771677 -0.096613064 0.032278091 0.016344193 0.273153454 0.022662716 0.961564600
1341846668.646312 -0.419221222 -0.048659287 0.034213886 0.034516301 0.273819536 0.016849499 0.961013854
1341846668.682455 -0.412353098 -0.033507861 0.036148146 0.042887650 0.270898968 0.011604528 0.961581886
1341846668.714133 -0.415781498 -0.081728950 0.033492386 0.049581684 0.268529087 0.012866748 0.961908698
1341846668.746132 -0.401253104 -0.052187461 0.023324445 0.066711292 0.264357001 0.010184833 0.962060928
1341846668.782338 -0.408024013 -0.074614085 -0.000747085 0.065504022 0.263547599 0.008924207 0.962378442
1341846668.814140 -0.407917738 -0.082781158 0.008261174 0.062736593 0.264689863 0.009286676 0.962245882
1341846668.850214 -0.408340305 -0.075644523 0.005522192 0.063744575 0.263251454 0.009318696 0.962573826
1341846668.882442 -0.408478379 -0.076954275 -0.000681311 0.060568679 0.261767954 0.007957485 0.963195562
1341846668.914289 -0.405809641 -0.084330246 0.007363066 0.058431845 0.261138678 0.006999444 0.963505745
1341846668.950088 -0.413172036 -0.081335649 0.011755124 0.059701029 0.258620113 0.003537398 0.964125991
1341846668.982227 -0.403796375 -0.060571268 -0.000018761 0.057681974 0.253818750 -0.000807261 0.965529978
1341846669.014062 -0.410735101 -0.061879382 0.003120884 0.048430398 0.254108459 -0.004570011 0.965951562
1341846669.050056 -0.417238533 -0.070277452 0.014737144 0.042051457 0.252103597 -0.008482831 0.966748893
1341846669.082525 -0.406655580 -0.055794492 0.001192287 0.037857089 0.245651901 -0.014605991 0.968508482
1341846669.118346 -0.405725688 -0.059025228 0.001473665 0.025353370 0.245018691 -0.022078609 0.968935251
1341846669.150086 -0.421947330 -0.069265567 0.008947179 0.017409196 0.244725823 -0.026935909 0.969061732
1341846669.182477 -0.409652650 -0.065461352 -0.002583832 0.015203654 0.238270089 -0.034169085 0.970478594
1341846669.218046 -0.395993203 -0.048322819 0.003248468 0.009087435 0.238061458 -0.040118840 0.970378578
1341846669.250205 -0.409351379 -0.059171829 0.007474959 0.001488708 0.237589121 -0.045211449 0.970311880
1341846669.286114 -0.405083656 -0.059758812 -0.001277477 -0.000483177 0.234378174 -0.050091352 0.970854044
1341846669.318030 -0.399645895 -0.058837909 0.000242457 -0.003819023 0.235586062 -0.054053538 0.970341623
1341846669.350255 -0.417471975 -0.057272024 0.018668309 -0.006252243 0.237149924 -0.059631128 0.969621062
1341846669.418200 -0.397586167 -0.044295788 -0.001705483 -0.017631063 0.230072230 -0.078260407 0.969861448
1341846669.450219 -0.414588571 -0.050756384 0.013295293 -0.025398120 0.231801435 -0.087966152 0.968444645
1341846669.486175 -0.402816594 -0.047422431 0.000630826 -0.029756606 0.226303414 -0.095671341 0.968890250
1341846669.518033 -0.403631657 -0.046710409 -0.007524937 -0.039381564 0.227875963 -0.105620481 0.967143178
1341846669.554159 -0.406306833 -0.048416950 -0.000652805 -0.047121830 0.229422435 -0.114370503 0.965434790
1341846669.586348 -0.399338186 -0.038487270 -0.002762169 -0.051996239 0.227630883 -0.122313477 0.964634657
1341846669.617976 -0.402944595 -0.042220168 -0.021487415 -0.063141122 0.229526922 -0.131520271 0.962306082
1341846669.654096 -0.412209839 -0.049302518 -0.001263648 -0.071263112 0.235316753 -0.139416188 0.959224045
1341846669.686069 -0.406161547 -0.048011146 0.001713380 -0.072187506 0.235728621 -0.144756943 0.958262146
1341846669.718075 -0.400959760 -0.038293637 -0.014523402 -0.074653737 0.235694855 -0.151143432 0.957094789
1341846669.754171 -0.402481705 -0.041477356 -0.013253182 -0.084023058 0.239099890 -0.158535734 0.954273462
1341846669.786139 -0.400788486 -0.038389117 0.001617894 -0.090185620 0.241803527 -0.166490391 0.951671481
1341846669.822151 -0.398937196 -0.037937060 0.002792850 -0.094188325 0.242650941 -0.173121855 0.949883103
1341846669.854118 -0.389865309 -0.029768785 -0.004144490 -0.099146850 0.242464468 -0.178868815 0.948360085
1341846669.886219 -0.390798301 -0.042106181 -0.008408308 -0.109875388 0.243833348 -0.186917171 0.945269644
1341846669.922050 -0.402059883 -0.035915952 0.000713706 -0.113343962 0.247348949 -0.194529787 0.942406416
1341846669.954047 -0.401291430 -0.039770462 -0.010342136 -0.119754419 0.247591734 -0.200195789 0.940361023
1341846669.986285 -0.400203139 -0.033413231 -0.011277467 -0.127932996 0.250523418 -0.206967086 0.937035620
1341846670.022242 -0.408892542 -0.032779872 0.001638159 -0.134157598 0.255879700 -0.216152042 0.932633698
1341846670.054135 -0.391508341 -0.015833972 -0.015375331 -0.134686872 0.255491793 -0.222104385 0.931264222
1341846670.090228 -0.397375166 -0.044902019 -0.015250102 -0.147189975 0.257391870 -0.228865877 0.927202761
1341846670.121996 -0.394997954 -0.050071415 -0.017013729 -0.154576182 0.260849983 -0.239135176 0.922430396
1341846670.154057 -0.397739768 -0.032106731 -0.021003708 -0.158046767 0.266347378 -0.248057336 0.917904019
1341846670.190103 -0.392761886 -0.032676756 -0.011794075 -0.164425373 0.268253267 -0.256032765 0.914030492
1341846670.222197 -0.387667775 -0.053136669 -0.020170212 -0.171830267 0.268931031 -0.266208291 0.909551322
1341846670.258571 -0.400131106 -0.041725609 -0.009483412 -0.174344078 0.277408451 -0.273492575 0.904350877
1341846670.290254 -0.403143674 -0.047635488 -0.008246943 -0.178381190 0.279660821 -0.277571946 0.901622891
1341846670.358377 -0.483414799 -0.152664095 -0.004291981 -0.200778857 0.294893980 -0.286781609 0.889090359
1341846670.390114 -0.503021836 -0.209846959 0.010486841 -0.212053061 0.302008837 -0.290652543 0.882805347
1341846670.422206 -0.517843246 -0.179806635 0.027151346 -0.206855953 0.313821882 -0.301683813 0.876192510
1341846670.464003 -0.505558610 -0.249450982 0.002162278 -0.212504432 0.313542724 -0.308841705 0.872438908
1341846670.526271 -0.565438867 -0.266599178 0.004043311 -0.215472758 0.333982289 -0.320491612 0.859832764
1341846670.566977 -0.572890043 -0.158288866 0.045535594 -0.200476900 0.350035965 -0.334103584 0.851855993
1341846670.596103 -0.553562701 -0.123890266 0.049577922 -0.192832083 0.352579653 -0.342747867 0.849133253
1341846670.628412 -0.510798573 -0.086718597 0.031705573 -0.182021424 0.350746453 -0.346077353 0.850926340
1341846670.664027 -0.511955380 -0.075413048 0.025902584 -0.177550942 0.354512453 -0.352993190 0.847462356
1341846670.696002 -0.499486685 -0.092069350 0.020695820 -0.174922600 0.356330454 -0.360226303 0.844196498
1341846670.728093 -0.549421668 -0.104867473 0.033448130 -0.175083816 0.367306203 -0.366417229 0.836761773
1341846670.764128 -0.552471697 -0.140607283 0.028746188 -0.178827196 0.369833738 -0.373359770 0.831772983
1341846670.796059 -0.597835541 -0.024111802 0.083001643 -0.160388112 0.394727170 -0.379532367 0.821231604
1341846670.832246 -0.594391823 -0.044005927 0.068962038 -0.155793235 0.395448238 -0.382772207 0.820264935
1341846670.863970 -0.533818483 -0.040652402 0.033773482 -0.145346209 0.386984438 -0.380861104 0.827080607
1341846670.896139 -0.544122934 -0.051160969 0.022117615 -0.141824424 0.391913682 -0.383911043 0.823954940
1341846670.932028 -0.523422897 -0.045443010 0.029827729 -0.129875958 0.397161484 -0.383630127 0.823542893
1341846677.862185 -0.235079616 0.101951472 -0.189319253 0.109113827 0.229307681 0.078284770 0.964045465
1341846677.966256 -0.226863414 0.103048563 -0.203381494 0.116355777 0.230082810 0.076299548 0.963172674
