1341846434.710184 0.000000000 0.000000000 0.000000000 0.000000000 0.000000000 0.000000000 1.000000000
1341846434.746225 0.005576524 -0.001185658 -0.004040702 0.003003208 0.001550774 0.003354247 0.999988675
1341846434.778203 0.018647328 -0.002193976 -0.004934069 0.004877716 0.002067577 0.005371094 0.999971509
1341846434.810024 0.021700980 0.002378966 -0.012874640 0.005221049 0.003801435 0.002835765 0.999975145
1341846434.846345 0.027016744 -0.000564608 -0.010586822 0.003406766 0.003184214 -0.000132323 0.999989092
1341846434.878202 0.029151773 -0.004024331 -0.022157798 0.001970800 0.001058829 -0.008516238 0.999961197
1341846434.914148 0.016813220 -0.008717748 -0.036874525 0.000584402 -0.002051817 -0.016796377 0.999856651
1341846434.946443 -0.015623973 -0.007093607 -0.038813926 -0.000981630 -0.008143250 -0.027907182 0.999576867
1341846434.978088 0.054729626 -0.016140645 -0.038121644 -0.001178496 -0.027740559 -0.028154779 0.999217927
1341846435.014019 0.066019304 -0.021442542 -0.031567559 -0.000187312 -0.034260571 -0.026935736 0.999049902
1341846435.045942 0.081838153 -0.024310991 -0.040572546 0.001114436 -0.037824865 -0.026896529 0.998921752
1341846435.077985 0.097525164 -0.028680554 -0.029240927 0.003034401 -0.037436727 -0.028046697 0.998900712
1341846435.113961 0.104228914 -0.036336001 -0.043737449 0.006054874 -0.036164843 -0.027165821 0.998958170
1341846435.146181 0.107280664 -0.033760119 -0.040478889 0.009485919 -0.036851410 -0.027083186 0.998908639
1341846435.182052 0.106826961 -0.037953828 -0.054006722 0.011194167 -0.040125452 -0.024326099 0.998835742
1341846435.213955 0.121163778 -0.041544918 -0.044118837 0.012944649 -0.047357101 -0.019780597 0.998598278
1341846435.246495 0.132610559 -0.046484903 -0.057135865 0.015969003 -0.053578258 -0.013512352 0.998344541
1341846435.281968 0.136608496 -0.039827239 -0.047035869 0.017470879 -0.063181885 -0.011421440 0.997783720
1341846435.319946 0.143860146 -0.039393894 -0.048908614 0.016548816 -0.071225226 -0.012403489 0.997245848
1341846435.382078 0.173668653 -0.054541506 -0.033048093 0.011295991 -0.082844250 -0.008702319 0.996460497
1341846435.414309 0.173180535 -0.061554000 -0.032594349 0.013781004 -0.085069939 -0.005898179 0.996262193
1341846435.450323 0.188728943 -0.055754717 -0.064336978 0.017130267 -0.090862550 -0.004988531 0.995703578
1341846435.482273 0.212605447 -0.051173728 -0.024185892 0.017823091 -0.093650267 -0.005913891 0.995428026
1341846435.513983 0.219592422 -0.049047880 -0.034657873 0.018262444 -0.090962410 -0.008696335 0.995648861
1341846435.550153 0.220473379 -0.049866103 -0.041926395 0.016144391 -0.089341201 -0.011197974 0.995807230
1341846435.582003 0.229028255 -0.061637968 -0.057039313 0.013951318 -0.091760464 -0.011297525 0.995619237
1341846435.618180 0.228899106 -0.059736390 -0.030517790 0.017541831 -0.098088540 -0.013174252 0.994935870
1341846435.650183 0.261720777 -0.054609872 -0.036045816 0.021545267 -0.107514732 -0.013985964 0.993871629
1341846435.681920 0.277504236 -0.063517883 -0.046901956 0.022975542 -0.108408585 -0.012864831 0.993757606
1341846435.717877 0.280193627 -0.061611608 -0.064314380 0.024500642 -0.108582154 -0.014783601 0.993675530
1341846435.750187 0.292678714 -0.064615279 -0.067786828 0.024267398 -0.111628562 -0.015553825 0.993331909
1341846435.782022 0.298175633 -0.068498567 -0.065834105 0.025051657 -0.115156308 -0.017070899 0.992884696
1341846435.818082 0.321874946 -0.067924052 -0.059116632 0.025516210 -0.119900696 -0.017502330 0.992303610
1341846435.849992 0.327565610 -0.073206089 -0.060339794 0.026406867 -0.122105069 -0.017986581 0.992002785
1341846435.886101 0.334926486 -0.064624079 -0.061234996 0.027640462 -0.126293674 -0.019035764 0.991425037
1341846435.918077 0.346477836 -0.066787533 -0.063532993 0.027046897 -0.129893884 -0.017630624 0.991002083
1341846435.950077 0.357091129 -0.072724916 -0.057883628 0.026138881 -0.133896500 -0.014918398 0.990538239
1341846435.986080 0.360591918 -0.083671458 -0.065215372 0.027023042 -0.137484759 -0.013671760 0.990040779
1341846436.018119 0.369706690 -0.077927411 -0.066931248 0.028468238 -0.143392667 -0.012449195 0.989178002
1341846436.050565 0.393519402 -0.063122816 -0.056532115 0.028723646 -0.149154022 -0.009905951 0.988347054
1341846436.085970 0.399427325 -0.068760872 -0.061504431 0.026362911 -0.152053356 -0.007752219 0.987990260
1341846436.118116 0.407386541 -0.077129491 -0.059209421 0.024586976 -0.157327801 -0.006126401 0.987221301
1341846436.153952 0.434365600 -0.075342208 -0.041410953 0.025165038 -0.162150100 -0.003178777 0.986440063
1341846436.185994 0.435042828 -0.079395719 -0.045493662 0.025770711 -0.162789211 -0.001713423 0.986322820
1341846436.218096 0.450291395 -0.079782270 -0.044035494 0.027453324 -0.167205825 0.001107297 0.985539079
1341846436.253965 0.469762504 -0.061430849 -0.035631329 0.027892709 -0.169258893 0.003070197 0.985172033
1341846436.286007 0.469261497 -0.076584674 -0.035971656 0.023529155 -0.167994559 0.002281280 0.985504448
1341846436.318164 0.473668009 -0.083994612 -0.037926808 0.024059795 -0.170855269 0.003297374 0.984996796
1341846436.354084 0.484838545 -0.076726004 -0.039036095 0.024192326 -0.173177272 0.002011135 0.984591424
1341846436.385958 0.490961671 -0.078832917 -0.028455943 0.022623602 -0.173503727 0.000540581 0.984573185
1341846436.422052 0.484988064 -0.084539354 -0.030022413 0.022559805 -0.174834400 -0.000042143 0.984339356
1341846436.453972 0.494999051 -0.085283421 -0.023275331 0.024234522 -0.180750802 0.000081047 0.983230293
1341846436.485966 0.501058459 -0.082627162 -0.025604293 0.024809090 -0.182658553 0.000736813 0.982863069
1341846436.522075 0.495015830 -0.081416890 -0.021950409 0.022930155 -0.184587836 -0.001323074 0.982547581
1341846436.553975 0.501865208 -0.080127537 -0.004765078 0.022228895 -0.191123784 -0.000600845 0.981314003
1341846436.590103 0.502572238 -0.078922875 -0.006437033 0.021800477 -0.197938696 -0.001305090 0.979971051
1341846436.622042 0.516636610 -0.081893787 -0.007204443 0.018690575 -0.202982917 -0.003105490 0.978998959
1341846436.654125 0.521891177 -0.089037001 0.008573845 0.016694678 -0.206374496 -0.006047276 0.978311896
1341846436.690078 0.518276036 -0.087523781 0.015533924 0.018004766 -0.211383298 -0.007390935 0.977209449
1341846436.722015 0.526726305 -0.079704680 0.026446164 0.018002093 -0.219467074 -0.008935456 0.975412846
1341846436.754167 0.540148556 -0.089614078 0.026786178 0.016651830 -0.226849347 -0.010343106 0.973732531
1341846436.790021 0.549566627 -0.107781835 0.030968517 0.017775703 -0.236444011 -0.010812862 0.971422315
1341846436.822079 0.567178667 -0.086204968 0.027699828 0.021835919 -0.243702024 -0.011743685 0.969533145
1341846436.858129 0.582847416 -0.077695273 0.045045525 0.018798180 -0.247337088 -0.010353635 0.968691766
1341846436.889894 0.579771936 -0.089905947 0.054819942 0.014901250 -0.249099851 -0.009421128 0.968317330
1341846436.922139 0.580993652 -0.090644501 0.063837096 0.015975276 -0.253820866 -0.005467845 0.967103839
1341846436.958108 0.597581089 -0.086785659 0.055448234 0.015416404 -0.259084821 0.000067124 0.965731502
1341846436.990096 0.606571198 -0.089527614 0.068857819 0.013278137 -0.263856739 0.000149816 0.964470446
1341846437.058136 0.625007987 -0.086176723 0.073686302 0.011463284 -0.271799713 0.003738752 0.962278306
1341846437.096585 0.635961294 -0.088753924 0.079730064 0.009396518 -0.276479840 0.005886965 0.960955739
1341846437.126102 0.645092964 -0.079038993 0.078345299 0.007637781 -0.280052483 0.005438807 0.959938824
1341846437.158050 0.653991699 -0.074839048 0.082085416 0.003060798 -0.282880902 0.004888736 0.959137738
1341846437.226114 0.668079317 -0.072284989 0.090313271 -0.010895904 -0.290057391 0.003617200 0.956940413
1341846437.258123 0.677389264 -0.076245733 0.106460676 -0.024370119 -0.292505205 0.003698080 0.955946207
1341846437.290095 0.688761353 -0.084742263 0.090639532 -0.030718334 -0.295262247 0.006116063 0.954902709
1341846437.326061 0.693679690 -0.078009963 0.089604855 -0.036628824 -0.299730569 0.007555166 0.953290522
1341846437.364153 0.698402882 -0.086725786 0.106711000 -0.043401863 -0.304920673 0.005789437 0.951370656
1341846437.396140 0.704276562 -0.093385682 0.111863792 -0.047564693 -0.309211880 0.004458455 0.949792445
1341846437.431962 0.705976725 -0.089978904 0.101699769 -0.050556071 -0.314048260 0.004177570 0.948050797
1341846437.464061 0.718834162 -0.068613440 0.117609471 -0.054049931 -0.320319712 0.003321636 0.945760429
1341846437.500080 0.726213217 -0.088866055 0.127492458 -0.061960325 -0.323348790 0.003538159 0.944242537
1341846437.536428 0.730962396 -0.102702036 0.154389620 -0.064607866 -0.328799635 0.003357809 0.942181170
1341846437.568842 0.744826436 -0.104796365 0.163626641 -0.059791990 -0.334634423 0.005075507 0.940435529
1341846437.600736 0.757393241 -0.105486110 0.169342935 -0.055982523 -0.337605685 0.006156484 0.939601243
1341846437.632742 0.763549268 -0.101704553 0.170728117 -0.052846998 -0.337196797 0.004339307 0.939939737
1341846437.669713 0.762032270 -0.088177159 0.186450601 -0.049200196 -0.336990148 0.003116766 0.940216601
1341846437.700232 0.761009634 -0.075695097 0.195392191 -0.046108108 -0.335446268 -0.000189032 0.940930307
1341846437.739652 0.765543163 -0.076394081 0.214885339 -0.044321541 -0.329154044 -0.004406699 0.943225205
1341846437.795294 0.776427150 -0.089952841 0.208992258 -0.041377608 -0.317069709 -0.018459165 0.947319329
1341846437.830422 0.787192702 -0.096334212 0.219182119 -0.039101582 -0.316264272 -0.017280446 0.947707415
1341846437.863213 0.801980138 -0.094760530 0.225417122 -0.037450541 -0.316576183 -0.013727385 0.947728038
1341846437.930096 0.810814619 -0.090179689 0.226943836 -0.037278797 -0.308212668 -0.008659825 0.950547278
1341846437.961942 0.798330545 -0.094043493 0.243690699 -0.038492091 -0.309625268 -0.004711973 0.950067580
1341846437.994103 0.819538355 -0.086593524 0.239501834 -0.038697839 -0.313082516 -0.001806727 0.948935449
1341846438.030032 0.842055440 -0.078273378 0.212145329 -0.043980360 -0.311928719 -0.001581127 0.949085712
1341846438.068074 0.825096905 -0.100146741 0.253831774 -0.050542265 -0.312922448 -0.002390146 0.948429942
1341846438.130017 0.828951299 -0.101635769 0.262487054 -0.041759487 -0.317135721 -0.001698233 0.947458804
1341846438.164374 0.830991089 -0.091515645 0.256215751 -0.039552163 -0.315609068 -0.004406632 0.948054373
1341846438.198015 0.822277308 -0.096929029 0.264950186 -0.042342432 -0.313233674 -0.007433374 0.948702574
1341846438.229906 0.817800462 -0.109446272 0.272243649 -0.042420499 -0.313432395 -0.006250680 0.948641956
1341846438.262251 0.817950487 -0.095636144 0.281636387 -0.039182343 -0.312569320 -0.007288034 0.949058533
1341846438.298333 0.810705841 -0.093106940 0.290866435 -0.039230321 -0.304915875 -0.011969045 0.951495647
1341846438.329987 0.807730675 -0.104823194 0.282196641 -0.038649790 -0.298001736 -0.012579656 0.953699589
1341846438.366126 0.802373409 -0.089500591 0.276982307 -0.037175581 -0.294172287 -0.011028749 0.954965472
1341846438.398154 0.798309445 -0.086917162 0.284137458 -0.041298423 -0.287772059 -0.013579610 0.956711709
1341846438.430136 0.785421133 -0.096953832 0.293062031 -0.043599691 -0.278724432 -0.014370501 0.959273279
1341846438.465965 0.778265834 -0.099837765 0.282176316 -0.042585947 -0.273374766 -0.010315842 0.960909069
1341846438.530106 0.760462284 -0.087421343 0.277683496 -0.045421578 -0.267796963 -0.005278655 0.962389648
1341846438.566686 0.744206965 -0.093364380 0.282066584 -0.046551850 -0.265913278 -0.002789509 0.962868214
1341846438.598145 0.741002798 -0.092206955 0.282915950 -0.045019649 -0.267564297 0.001237103 0.962486863
1341846438.634113 0.737148106 -0.074892312 0.289569855 -0.043045580 -0.265621245 0.002692911 0.963112235
1341846438.665920 0.738826931 -0.072991252 0.286044240 -0.047275495 -0.255836219 0.002342382 0.965560675
1341846438.697986 0.723755538 -0.088486448 0.302586764 -0.048735119 -0.247998700 0.001326586 0.967532814
1341846438.734146 0.718230367 -0.079468206 0.290148854 -0.043489061 -0.238853693 0.007830762 0.970049620
1341846438.766996 0.727523685 -0.058229491 0.289817691 -0.042847674 -0.231479764 0.009970322 0.971844494
1341846438.801972 0.700787187 -0.063069753 0.286616594 -0.049681369 -0.216769800 0.008457740 0.974921048
1341846438.834118 0.686474919 -0.070657752 0.293017983 -0.053034056 -0.209564716 0.009108375 0.976312995
1341846438.865936 0.676627874 -0.080234006 0.298919857 -0.050840922 -0.204609767 0.012279023 0.977445245
1341846438.902045 0.661465943 -0.062573038 0.288567543 -0.044321988 -0.198276564 0.013165719 0.979054987
1341846438.934115 0.652218759 -0.057587180 0.283942223 -0.044280838 -0.192684501 0.007885452 0.980229437
1341846438.966314 0.639951110 -0.066577733 0.288200080 -0.046415597 -0.187804565 0.002669895 0.981105447
1341846439.001871 0.633158982 -0.067188390 0.300326705 -0.045242980 -0.182886332 0.002275680 0.982089877
1341846439.034612 0.617699981 -0.068493120 0.292375088 -0.043476630 -0.174477682 0.001116117 0.983700216
1341846439.070117 0.612087667 -0.071394667 0.295558512 -0.040990632 -0.168791100 0.001369552 0.984798193
1341846439.101969 0.604009569 -0.073573269 0.299598008 -0.037460033 -0.159769118 0.000489263 0.986443281
1341846439.134146 0.585505307 -0.072029412 0.289470911 -0.031810183 -0.150780842 0.001404075 0.988054276
1341846439.170111 0.576757491 -0.069427133 0.287371278 -0.026598116 -0.143069297 0.003522455 0.989348888
1341846439.202174 0.556695580 -0.064272642 0.287273884 -0.023215415 -0.134101003 0.002811839 0.990691721
1341846439.234198 0.546627939 -0.067494147 0.281140536 -0.022163171 -0.126460731 0.002328648 0.991721213
1341846439.269869 0.528519750 -0.074011303 0.275804579 -0.019551143 -0.116194017 0.001810076 0.993032455
1341846439.302022 0.509349644 -0.079685368 0.274187416 -0.015288340 -0.108025931 0.002741586 0.994026721
1341846439.338209 0.494461536 -0.063759759 0.267296970 -0.010891136 -0.102260716 0.001035518 0.994697452
1341846439.369920 0.479052603 -0.069232911 0.264509439 -0.011316648 -0.094852552 -0.003177520 0.995421886
1341846439.402179 0.459372640 -0.089205772 0.265774369 -0.009647923 -0.089114800 -0.004338513 0.995965183
1341846439.437979 0.444618672 -0.075944953 0.260962367 -0.002596078 -0.086474165 -0.003058948 0.996246040
1341846439.470001 0.432466596 -0.069566071 0.253513426 0.000061610 -0.081588723 -0.002552052 0.996662796
1341846439.502101 0.415336818 -0.076201923 0.252612114 0.000569586 -0.076021552 -0.004641811 0.997095227
1341846439.538102 0.396013409 -0.085951395 0.248641312 0.003323350 -0.072840720 -0.006946511 0.997313857
1341846439.570087 0.387961656 -0.077420361 0.247848913 0.008191381 -0.071958385 -0.005580151 0.997358382
1341846439.605986 0.376052856 -0.078488700 0.246115148 0.009827963 -0.068339348 -0.004516173 0.997603536
1341846439.638201 0.365982860 -0.077771798 0.242902905 0.011635254 -0.064319342 -0.004000540 0.997853518
1341846439.670177 0.350522816 -0.079677306 0.242962971 0.012845200 -0.060339574 -0.004734797 0.998084009
1341846439.706034 0.339258760 -0.076983154 0.241710886 0.014223548 -0.057149820 -0.004480955 0.998254240
1341846439.737939 0.332321137 -0.081809893 0.243613839 0.015353790 -0.054260787 -0.003205997 0.998403609
1341846439.774173 0.331552029 -0.077814154 0.247557625 0.017728519 -0.048891075 -0.001596773 0.998645484
1341846439.806288 0.311031133 -0.074771188 0.242678776 0.019421821 -0.040326957 -0.001788028 0.998996139
1341846439.846398 0.304051489 -0.068916313 0.239388004 0.018608440 -0.035005767 -0.002249186 0.999211311
1341846439.906194 0.283612549 -0.079720326 0.242199451 0.015918683 -0.017477449 -0.007209890 0.999694526
1341846439.938149 0.257596254 -0.075880021 0.241525531 0.018129000 -0.009517039 -0.006693521 0.999767959
1341846439.974174 0.259623438 -0.064951696 0.242496848 0.017016878 -0.004687133 -0.006506660 0.999823034
1341846440.006174 0.246421844 -0.056822177 0.235509157 0.010952828 0.006013792 -0.009103094 0.999880493
1341846440.042214 0.214166895 -0.069960713 0.249234557 0.007147464 0.015803421 -0.008365251 0.999814570
1341846440.073971 0.200947285 -0.073535778 0.245950058 0.008564781 0.021214224 -0.003628822 0.999731660
1341846440.106449 0.198013097 -0.066559486 0.241297439 0.007848767 0.029087827 -0.003076856 0.999541342
1341846440.142076 0.167227060 -0.078055233 0.251125276 0.006163622 0.038733095 -0.003975901 0.999222696
1341846440.173898 0.155753672 -0.076576754 0.254311115 0.010792498 0.042899448 0.001558092 0.999019921
1341846440.206048 0.135961071 -0.064761393 0.250748962 0.013363150 0.048626747 0.005504739 0.998712480
1341846440.242218 0.116545588 -0.076488905 0.256436378 0.012487435 0.051509872 0.006795288 0.998571336
1341846440.274220 0.110919565 -0.080113165 0.257439315 0.017304324 0.052247152 0.005598046 0.998468578
1341846440.310040 0.102167308 -0.066556983 0.252594441 0.021830669 0.057387181 0.006693768 0.998090863
1341846440.341908 0.084944546 -0.066799484 0.254944593 0.021529302 0.063900307 0.007765917 0.997693837
1341846440.374065 0.070460416 -0.071244098 0.258128613 0.022850569 0.068293549 0.008090907 0.997370720
1341846440.410065 0.060928203 -0.070331253 0.260716081 0.025451990 0.071768105 0.006830647 0.997073174
1341846440.442063 0.052644573 -0.069715515 0.260034740 0.027658219 0.077477321 0.004431085 0.996600509
1341846440.474055 0.026858032 -0.067950621 0.259902328 0.029322090 0.083808489 0.000658708 0.996050179
1341846440.510034 0.016405754 -0.065689906 0.258832663 0.030088242 0.086072125 -0.001609665 0.995833158
1341846440.542081 0.007703818 -0.059303515 0.254094332 0.029135041 0.090547442 -0.003424044 0.995459974
1341846440.578060 -0.010764953 -0.066778757 0.258865327 0.026013181 0.096706972 -0.006886875 0.994949102
1341846440.610154 -0.025319513 -0.070331216 0.259946555 0.026753852 0.102148227 -0.008927085 0.994369268
1341846440.642042 -0.050647676 -0.063182689 0.256784260 0.027937669 0.107128076 -0.008785259 0.993813813
1341846440.678071 -0.060578469 -0.059242509 0.252132207 0.026701566 0.108796358 -0.006183484 0.993686140
1341846440.710213 -0.070534788 -0.056269094 0.254005671 0.024418449 0.113561571 -0.007200546 0.993204772
1341846440.742033 -0.089953691 -0.053694114 0.255254358 0.021203171 0.120042928 -0.006514241 0.992520869
1341846440.778145 -0.110407338 -0.056518644 0.256974220 0.018195504 0.123974897 -0.004837050 0.992106736
1341846440.810360 -0.121717110 -0.058098458 0.255934954 0.016295953 0.127117857 -0.004483157 0.991743624
1341846440.846329 -0.135589302 -0.066171862 0.263206363 0.015327995 0.133114442 -0.005424486 0.990967274
1341846440.878141 -0.165609241 -0.066160023 0.265800208 0.017643152 0.138243362 -0.002541872 0.990237892
1341846440.920960 -0.179012448 -0.047714211 0.263309956 0.018656874 0.138742626 -0.000343467 0.990152657
1341846440.952308 -0.185491741 -0.046412032 0.259245306 0.013173330 0.141117528 0.002494042 0.989902020
1341846440.986714 -0.201871872 -0.062421743 0.268520176 0.009290696 0.145706549 0.005561728 0.989268601
1341846441.052118 -0.237110764 -0.065326348 0.274140447 0.015528641 0.141688272 0.014197624 0.989687681
1341846441.114116 -0.257765174 -0.060819298 0.269579589 0.017543700 0.146234423 0.016698066 0.988953412
1341846441.146132 -0.281080961 -0.056617785 0.273903728 0.017823581 0.145768389 0.016025033 0.989028335
1341846441.178054 -0.273308486 -0.053108893 0.269812524 0.016888453 0.144098565 0.015664203 0.989295185
1341846441.214136 -0.278175801 -0.059389655 0.264861465 0.013702060 0.150572211 0.013948861 0.988405585
1341846441.246039 -0.295104176 -0.070006125 0.269608796 0.013576758 0.155454919 0.013680164 0.987654924
1341846441.282130 -0.307435751 -0.058191240 0.272587806 0.016570989 0.158424467 0.010461674 0.987176597
1341846441.314084 -0.310821950 -0.054621235 0.263071418 0.015291640 0.161857560 0.008297280 0.986660719
1341846441.346088 -0.331732064 -0.065981656 0.273440361 0.013124442 0.168767571 0.005905728 0.985550761
1341846441.382129 -0.351540267 -0.073256046 0.271481633 0.015285143 0.171361387 0.004056630 0.985081315
1341846441.414517 -0.367372662 -0.066694513 0.274321437 0.017994033 0.172135904 0.003522858 0.984902561
1341846441.445996 -0.372331738 -0.062596418 0.273026049 0.018688120 0.172486156 0.002284580 0.984832048
1341846441.482023 -0.388199508 -0.063000649 0.275286555 0.017318483 0.175561100 0.000126630 0.984316230
1341846441.514114 -0.408561230 -0.074103624 0.279400796 0.016289243 0.175131127 0.000077604 0.984410346
1341846441.582260 -0.418355435 -0.066176102 0.266167104 0.020550180 0.171024784 0.004003957 0.985044301
1341846441.614425 -0.434559464 -0.077409893 0.280512929 0.018290395 0.175239190 0.001875643 0.984354198
1341846441.650563 -0.450980186 -0.089115590 0.282480389 0.020759977 0.175439626 0.002433565 0.984268308
1341846441.681977 -0.450125098 -0.071929090 0.275868952 0.025383774 0.174748048 0.004396290 0.984276175
1341846441.714170 -0.457851827 -0.060832698 0.274507016 0.022706093 0.179326415 0.003172484 0.983522475
1341846441.750023 -0.476784557 -0.068853900 0.278598726 0.017250698 0.184294686 0.002583144 0.982716262
1341846441.781910 -0.491218388 -0.068543725 0.289192319 0.014629290 0.187585279 0.003714568 0.982132316
1341846441.818076 -0.498302281 -0.069081441 0.285315752 0.011653834 0.189618036 0.004414632 0.981778860
1341846441.850011 -0.507838964 -0.066357121 0.291596532 0.008420943 0.193426147 0.003073278 0.981073916
1341846441.882149 -0.527237833 -0.064846545 0.302127957 0.004712946 0.197504446 0.003130854 0.980285645
1341846441.918074 -0.542836070 -0.065161623 0.306826532 -0.000576845 0.199178591 0.002099941 0.979960799
1341846441.950113 -0.553032458 -0.069107704 0.313186526 -0.005889386 0.201020613 0.002129435 0.979566991
1341846441.986157 -0.564616382 -0.074408136 0.322909772 -0.009925413 0.201757103 0.004816121 0.979373455
1341846442.018070 -0.578930080 -0.082765192 0.334674656 -0.011869506 0.202178106 0.008687446 0.979238331
1341846442.050044 -0.576368093 -0.077782333 0.335034519 -0.012794715 0.202216715 0.012928638 0.979171872
1341846442.086050 -0.589376152 -0.077538818 0.344072014 -0.015973927 0.206614688 0.015682321 0.978166282
1341846442.118273 -0.605793655 -0.092374831 0.367040992 -0.019918853 0.210203007 0.016414460 0.977316976
1341846442.150914 -0.616142273 -0.105517566 0.378141135 -0.018354032 0.210298225 0.016935866 0.977318227
1341846442.186309 -0.633529782 -0.111552142 0.369426727 -0.014499028 0.213804752 0.018971769 0.976584554
1341846442.254276 -0.655443728 -0.114387475 0.378909469 -0.014493843 0.222171947 0.015821191 0.974771380
1341846442.286112 -0.659637332 -0.107333645 0.373593390 -0.015542745 0.228570342 0.018195350 0.973233223
1341846446.006089 -0.607802033 -0.089080907 0.431345105 -0.054026227 0.172376588 -0.000521079 0.983548224
1341846446.174003 -0.550642490 -0.093146436 0.419528842 -0.035874225 0.142619565 0.004516491 0.989116967
1341846446.206154 -0.525184572 -0.091692738 0.394807398 -0.029727003 0.132873073 0.009232562 0.990644157
1341846446.242005 -0.504120827 -0.066222802 0.375784576 -0.027948201 0.131446034 0.012644363 0.990848601
1341846446.273991 -0.503237963 -0.064985603 0.392741352 -0.033569373 0.130518168 0.013459715 0.990786016
1341846446.306170 -0.494291514 -0.080299407 0.384512872 -0.036657564 0.122351654 0.016785147 0.991667569
1341846446.342032 -0.474515587 -0.068620756 0.370641530 -0.035588440 0.117998615 0.023651700 0.992093980
1341846446.373966 -0.473977059 -0.057065953 0.372718394 -0.037991267 0.115298532 0.027033513 0.992235899
1341846446.410081 -0.453826278 -0.061007030 0.367591351 -0.041654587 0.106178008 0.028420899 0.993067682
1341846446.441987 -0.433506459 -0.057300299 0.361720741 -0.043561794 0.101830170 0.030159870 0.993389845
1341846446.474066 -0.443803698 -0.056887820 0.362751365 -0.046431083 0.100277230 0.028279463 0.993473172
1341846446.510038 -0.420786858 -0.054998640 0.350761265 -0.049001887 0.089332715 0.025486866 0.994469166
1341846446.542120 -0.406109750 -0.060754463 0.340086937 -0.051710717 0.086629860 0.022434348 0.994644642
1341846446.574035 -0.396821082 -0.061539747 0.337875843 -0.051209737 0.084773250 0.019325359 0.994895756
1341846446.610113 -0.383322835 -0.050928894 0.328855872 -0.049697060 0.078922644 0.016118543 0.995510757
1341846446.642107 -0.362629324 -0.042471513 0.315506935 -0.052916527 0.076224074 0.014252762 0.995583534
1341846446.678096 -0.373755813 -0.047583245 0.316109776 -0.056925002 0.076497778 0.008526331 0.995406926
1341846446.710293 -0.366460383 -0.039536230 0.307581961 -0.059063613 0.069545820 0.009531807 0.995783091
1341846446.742013 -0.331869960 -0.035181291 0.298608363 -0.064653009 0.062142167 0.011645068 0.995902956
1341846446.778116 -0.332977146 -0.037204280 0.302472234 -0.069454789 0.060643665 0.011256065 0.995676517
1341846446.810247 -0.314191192 -0.037663765 0.294045240 -0.072106183 0.049038995 0.011721999 0.996121705
1341846446.842072 -0.297153980 -0.035478994 0.282801300 -0.074877307 0.043925811 0.013654795 0.996131241
1341846446.877989 -0.290072232 -0.032977574 0.281482339 -0.078691222 0.042014647 0.013753533 0.995918334
1341846446.910210 -0.273118675 -0.035614122 0.276407629 -0.082225405 0.037672330 0.013929666 0.995804071
1341846446.979416 -0.244281143 -0.033380758 0.267227322 -0.087293610 0.033058953 0.014624880 0.995526552
1341846447.048442 -0.216847196 -0.033443410 0.257690638 -0.084354736 0.028707704 0.015943648 0.995894551
1341846447.110128 -0.191151947 -0.017968055 0.247023314 -0.087572791 0.027520956 0.013508339 0.995686233
1341846447.146292 -0.176595658 -0.021645706 0.244288281 -0.090077750 0.029622823 0.012338167 0.995417655
1341846447.179789 -0.173924550 -0.023644257 0.243303701 -0.090345368 0.033520933 0.011379198 0.995281160
1341846447.216160 -0.173111349 -0.021844469 0.236454919 -0.091071017 0.035103258 0.009897458 0.995176315
1341846447.252104 -0.145661101 -0.012634199 0.233002454 -0.092798218 0.034536950 0.010074909 0.995034754
1341846447.284847 -0.149332523 -0.015064500 0.234191671 -0.095754199 0.039098866 0.008313483 0.994602084
1341846447.320107 -0.151156679 -0.015573874 0.233008593 -0.097020559 0.039695311 0.009997645 0.994440198
1341846447.352050 -0.135105982 -0.012434006 0.228886098 -0.098973416 0.038516641 0.012207355 0.994269431
1341846447.383924 -0.124584287 -0.009716894 0.226359203 -0.102322981 0.041537739 0.009148289 0.993841529
1341846447.420069 -0.139304608 -0.012431335 0.231653020 -0.105346955 0.045656689 0.010701133 0.993329227
1341846447.452015 -0.137877718 -0.013882939 0.230432451 -0.107178897 0.044436913 0.013374700 0.993156195
1341846447.488160 -0.129061565 -0.009817190 0.225206614 -0.108472064 0.044367965 0.013128961 0.993022084
1341846447.520057 -0.136312410 -0.013756324 0.228310376 -0.111587100 0.046146244 0.013440379 0.992591679
1341846447.551976 -0.148492008 -0.023288671 0.227225989 -0.114157923 0.044462241 0.014613387 0.992359579
1341846447.588058 -0.141168162 -0.019164793 0.220240965 -0.114571556 0.039522585 0.016225578 0.992495835
1341846447.620036 -0.144280985 -0.008273460 0.216824293 -0.116868332 0.038312003 0.016110495 0.992277384
1341846447.656059 -0.149835646 -0.013173301 0.217780501 -0.123728409 0.038487900 0.014533408 0.991462886
1341846447.688035 -0.146319479 -0.029851012 0.221606791 -0.128928423 0.036847129 0.016817601 0.990826428
1341846447.719948 -0.155329883 -0.024329007 0.216640800 -0.127657607 0.034967661 0.020814940 0.990983129
1341846447.756116 -0.149289474 -0.022624217 0.208415538 -0.128536299 0.032117773 0.023477437 0.990906477
1341846447.787990 -0.139855713 -0.023063447 0.205931544 -0.131484270 0.032102458 0.025545936 0.990468979
1341846447.823997 -0.148096994 -0.029928513 0.206127703 -0.135293216 0.034928661 0.026496794 0.989835143
1341846447.856048 -0.141759917 -0.032632302 0.203721195 -0.135592103 0.034259081 0.027298989 0.989795864
1341846447.888261 -0.139604896 -0.034950752 0.200773656 -0.135102719 0.036966234 0.027257781 0.989766538
1341846447.924141 -0.136015370 -0.038820598 0.197383732 -0.136036798 0.039523639 0.026536375 0.989559352
1341846447.956316 -0.145788431 -0.045710362 0.200629860 -0.136719808 0.041340552 0.026090812 0.989402771
1341846447.992036 -0.142396703 -0.048819333 0.194062307 -0.136019528 0.039713472 0.027109668 0.989538550
1341846448.024057 -0.134093970 -0.040136777 0.185108304 -0.136873603 0.038960550 0.024907280 0.989508629
1341846448.092100 -0.146421283 -0.053475115 0.188005894 -0.147415325 0.040976562 0.017569063 0.988069296
1341846448.150222 -0.143803656 -0.066746302 0.186617464 -0.156569347 0.040907353 0.015441884 0.986698568
1341846448.186133 -0.142200828 -0.084036954 0.192836761 -0.158430979 0.040280107 0.014345742 0.986443758
1341846448.218203 -0.151945964 -0.103494674 0.193954051 -0.156181708 0.040465180 0.014763571 0.986788690
1341846448.250175 -0.155134708 -0.091182090 0.184531629 -0.148386657 0.038827226 0.013916041 0.988068938
1341846448.286053 -0.140766576 -0.086844660 0.179162577 -0.145695880 0.037016932 0.013753248 0.988541007
1341846448.318080 -0.144877702 -0.090020508 0.178482085 -0.146105424 0.038597014 0.015273361 0.988397777
1341846448.350345 -0.148630813 -0.094645679 0.176501200 -0.146196008 0.036886830 0.017167579 0.988418579
1341846448.385982 -0.147708848 -0.086639509 0.168919086 -0.145349383 0.035102781 0.016573045 0.988618553
1341846448.417971 -0.146844432 -0.088136412 0.166676909 -0.151133299 0.035464723 0.016229311 0.987743676
1341846448.454017 -0.155843556 -0.094192304 0.171830893 -0.157673240 0.036363445 0.015873997 0.986693919
1341846448.486068 -0.144728839 -0.101862371 0.172206551 -0.161160901 0.031612568 0.015406893 0.986301422
1341846448.518032 -0.139565706 -0.100007519 0.166419104 -0.161388129 0.031001775 0.013745013 0.986308157
1341846448.553970 -0.146655053 -0.104360186 0.169190556 -0.164790943 0.033029094 0.014798675 0.985664248
1341846448.586105 -0.150679812 -0.124619551 0.176096752 -0.168696672 0.030754218 0.014842506 0.985076308
1341846448.621936 -0.142814994 -0.124893554 0.173362449 -0.165482610 0.027872147 0.013723357 0.985723257
1341846448.653943 -0.137072653 -0.115897782 0.164538130 -0.162513956 0.028356154 0.010728890 0.986240327
1341846448.686150 -0.145505443 -0.119463369 0.161458820 -0.166059256 0.030109722 0.010592364 0.985599041
1341846448.722086 -0.144674554 -0.119455308 0.161374658 -0.170628324 0.029688127 0.010189315 0.984835386
1341846448.753983 -0.130298197 -0.095702678 0.152123764 -0.171469599 0.029742403 0.009153377 0.984697819
1341846448.786053 -0.146485940 -0.119075052 0.158873528 -0.184964955 0.036034036 0.006305407 0.982064009
1341846448.822019 -0.161731511 -0.158377513 0.172788799 -0.194325045 0.036226455 0.006299831 0.980247796
1341846448.854125 -0.133800760 -0.160683364 0.172330245 -0.189565122 0.027784264 0.010682339 0.981416821
1341846448.890063 -0.139847726 -0.142390981 0.161328971 -0.184821337 0.029535554 0.009089748 0.982286155
1341846448.922419 -0.145907104 -0.112250760 0.155560642 -0.184444457 0.031612687 0.003580445 0.982327878
1341846448.954059 -0.141561225 -0.134240419 0.152837455 -0.199302614 0.032601893 0.003158193 0.979390442
1341846448.990056 -0.132737756 -0.141715407 0.154464960 -0.212343261 0.033627618 0.001576644 0.976615131
1341846449.022043 -0.142700315 -0.162142038 0.161967829 -0.226082012 0.037561771 0.000303330 0.973383784
1341846449.054021 -0.146330625 -0.164506659 0.171835095 -0.228947356 0.039273947 -0.001912497 0.972644329
1341846449.090060 -0.143964007 -0.173648953 0.174762517 -0.227234781 0.039018437 -0.003212411 0.973052740
1341846449.121998 -0.132953823 -0.184803337 0.174130738 -0.222949222 0.036222983 -0.003015313 0.974152148
1341846449.158114 -0.131890535 -0.195459098 0.172096074 -0.220559031 0.036013182 -0.003873562 0.974700868
1341846449.190066 -0.132249147 -0.190103918 0.165092558 -0.219362482 0.038099125 -0.006280244 0.974879026
1341846449.222044 -0.143715695 -0.191043407 0.165738374 -0.221349135 0.043868035 -0.005717835 0.974190652
1341846449.258032 -0.147003070 -0.203110710 0.172350779 -0.224699929 0.044267029 -0.001638967 0.973420620
1341846449.290278 -0.143898144 -0.206696242 0.173557684 -0.224201605 0.043616716 0.001525942 0.973565042
1341846449.321912 -0.135020614 -0.211360216 0.173032671 -0.224679261 0.043875366 0.004167842 0.973435581
1341846449.357984 -0.141002998 -0.219177946 0.176440373 -0.229442716 0.047294047 0.006377934 0.972151518
1341846449.390027 -0.138348356 -0.233928785 0.192232579 -0.232972220 0.049490832 0.008574021 0.971185386
1341846449.426101 -0.132338718 -0.242013276 0.199637294 -0.225931048 0.051490702 0.015305724 0.972661078
1341846449.458035 -0.130081668 -0.236506656 0.194443062 -0.221303463 0.051892467 0.014727931 0.973711967
1341846449.490185 -0.137278602 -0.241975874 0.202722371 -0.225077316 0.054663531 0.013899715 0.972706974
1341846449.525989 -0.133459002 -0.248998910 0.211525440 -0.227483496 0.056985546 0.015001008 0.971997380
1341846449.558288 -0.130424678 -0.276856005 0.227102026 -0.230448171 0.055973932 0.017799387 0.971310318
1341846449.594265 -0.135223389 -0.292620629 0.249405459 -0.227603912 0.055330835 0.016374132 0.972042620
1341846449.626133 -0.130225167 -0.282260031 0.241083473 -0.219074965 0.053787235 0.014110431 0.974122167
1341846449.658161 -0.135400429 -0.281026304 0.240004480 -0.220266506 0.054780759 0.012345292 0.973821998
1341846449.694129 -0.132740766 -0.273820430 0.251282841 -0.223170102 0.056400374 0.010910572 0.973085344
1341846449.725937 -0.144635350 -0.304028720 0.268953502 -0.231731385 0.060684990 0.011777095 0.970813692
1341846449.757969 -0.131449297 -0.306420982 0.276172787 -0.236444294 0.057559323 0.016399009 0.969800055
1341846449.794073 -0.146902397 -0.292057544 0.284731507 -0.238020942 0.059463680 0.014020214 0.969336629
1341846449.826150 -0.165182963 -0.306952924 0.306903541 -0.240116477 0.064552866 0.010513188 0.968538344
1341846449.861992 -0.176562399 -0.336956322 0.324036926 -0.243812501 0.063906357 0.008875513 0.967673838
1341846449.894052 -0.158976197 -0.348258018 0.339621425 -0.243932635 0.057792276 0.007357572 0.968040705
1341846449.925963 -0.142637312 -0.342088878 0.345444560 -0.236792564 0.058628429 0.009967085 0.969738424
1341846449.962133 -0.143978208 -0.340671182 0.343742520 -0.234049067 0.062114581 0.005856658 0.970220864
1341846449.994047 -0.148712903 -0.363709718 0.363297701 -0.239232704 0.065007977 0.003717962 0.968776464
1341846450.026443 -0.143904030 -0.378156006 0.378765583 -0.240594149 0.064527132 0.003328263 0.968472838
1341846450.062040 -0.142070636 -0.373888373 0.382527351 -0.237726569 0.064414777 0.001048618 0.969193339
1341846450.094160 -0.135389030 -0.384663910 0.392034560 -0.240545630 0.064078249 -0.001225322 0.968519628
1341846450.130133 -0.142406508 -0.392840922 0.403411031 -0.244295970 0.065531306 -0.004454433 0.967473686
1341846450.161911 -0.139427975 -0.395106554 0.414133668 -0.246050075 0.065450475 -0.004560464 0.967034042
1341846450.194126 -0.135689929 -0.406261176 0.423701644 -0.250338107 0.065363683 -0.004013642 0.965941131
1341846450.230042 -0.132346973 -0.412291348 0.436647385 -0.255871683 0.063849308 -0.003479800 0.964593589
1341846450.262009 -0.159998417 -0.417765856 0.448280513 -0.258867919 0.066699192 -0.005175731 0.963593185
1341846450.294220 -0.155794412 -0.446306586 0.479054034 -0.263294041 0.061736904 -0.007073891 0.962712169
1341846450.330052 -0.149520010 -0.441375196 0.482094616 -0.260382652 0.056195576 -0.010425006 0.963812351
1341846450.361929 -0.142462686 -0.440671146 0.485199571 -0.259213954 0.053726707 -0.014699321 0.964212358
1341846450.398035 -0.154003128 -0.452909142 0.499786437 -0.262197703 0.056769665 -0.013922242 0.963242292
1341846450.429941 -0.152202532 -0.465522110 0.521478653 -0.265998900 0.053790212 -0.012569507 0.962389350
1341846450.461928 -0.145504281 -0.460300803 0.522555768 -0.263767630 0.048900854 -0.016992955 0.963196039
1341846450.498062 -0.137928098 -0.461973161 0.529939055 -0.263401240 0.045588188 -0.023564026 0.963320434
1341846450.529969 -0.140150502 -0.474895239 0.543031633 -0.267253906 0.044295669 -0.026443698 0.962244272
1341846450.561983 -0.144403160 -0.480202794 0.553085446 -0.269812167 0.042582925 -0.028866848 0.961537719
1341846450.598097 -0.144897267 -0.484617263 0.563202381 -0.271795243 0.041108754 -0.028547872 0.961052775
1341846450.630436 -0.145287156 -0.490954757 0.574321091 -0.274218976 0.038172916 -0.026785737 0.960535944
1341846450.666178 -0.162151933 -0.510008931 0.586577058 -0.279496789 0.036142781 -0.025793824 0.959119380
1341846450.698174 -0.164485276 -0.519391239 0.598628461 -0.283021212 0.030891726 -0.019888319 0.958409727
1341846450.730214 -0.141888678 -0.514384508 0.605560780 -0.284504026 0.019726880 -0.014383583 0.958363950
1341846450.765977 -0.135971978 -0.511322200 0.606460929 -0.285074055 0.012248393 -0.018770335 0.958243430
1341846450.798042 -0.137286678 -0.512200475 0.615333140 -0.286063164 0.009098976 -0.025718512 0.957822323
1341846450.834020 -0.139753222 -0.517680287 0.619549632 -0.287647605 0.008537430 -0.030049577 0.957226694
1341846450.866022 -0.138118789 -0.505556643 0.617605269 -0.287692994 0.008448304 -0.033502124 0.957099259
1341846450.898067 -0.139802635 -0.525108337 0.634574890 -0.298313379 0.008613430 -0.039920542 0.953593910
1341846450.934091 -0.161684349 -0.531118751 0.651534319 -0.301673472 0.009721608 -0.039393626 0.952547491
1341846450.966100 -0.146058962 -0.531860292 0.650105357 -0.299052358 0.001792362 -0.038915969 0.953441143
1341846450.998096 -0.142075986 -0.529605746 0.648128510 -0.299849957 -0.002677503 -0.043187570 0.953004539
1341846451.034057 -0.141810358 -0.524714530 0.644291162 -0.303218961 -0.003816953 -0.049667791 0.951618016
1341846451.068370 -0.157408983 -0.530514061 0.662906170 -0.310015649 -0.000615010 -0.053248886 0.949238896
1341846451.102153 -0.150137782 -0.534156263 0.671146154 -0.311976671 -0.005094992 -0.052691538 0.948613822
1341846451.133979 -0.146595985 -0.532350540 0.670642853 -0.312901109 -0.007716659 -0.055236280 0.948146760
1341846451.165987 -0.147794917 -0.532864332 0.679484308 -0.315334916 -0.008074773 -0.056917313 0.947237611
1341846451.202275 -0.156767175 -0.531227052 0.674024522 -0.314900786 -0.007154088 -0.056258105 0.947428823
1341846451.234790 -0.154426351 -0.529416561 0.675614953 -0.317956865 -0.008641652 -0.053828109 0.946536422
1341846451.302134 -0.146412343 -0.540368915 0.692159951 -0.314759254 -0.015673066 -0.051273908 0.947656035
1341846451.334095 -0.140296146 -0.517615259 0.673799276 -0.306697071 -0.014372522 -0.054061569 0.950161934
1341846451.370064 -0.149608284 -0.522315025 0.682122827 -0.309302866 -0.010558181 -0.055325296 0.949294150
1341846451.402007 -0.153071687 -0.525985479 0.678733468 -0.307092965 -0.009116933 -0.053640280 0.950122893
1341846451.434004 -0.135420531 -0.520765781 0.676886022 -0.300132573 -0.010563620 -0.051813375 0.952430725
1341846451.470107 -0.142433971 -0.519332588 0.669569135 -0.295901775 -0.005342693 -0.052441608 0.953762829
1341846451.502266 -0.133286074 -0.522839546 0.671439588 -0.294626564 -0.003031411 -0.052803867 0.954147637
1341846451.534027 -0.140490875 -0.513157129 0.652621806 -0.289818853 0.004484008 -0.052064132 0.955653846
1341846451.570038 -0.133323848 -0.519218385 0.648798943 -0.289795905 0.006982251 -0.052645102 0.955613971
1341846451.601887 -0.135969788 -0.510160327 0.629042864 -0.286060631 0.011708457 -0.053953514 0.956619680
1341846451.637996 -0.153303981 -0.515615582 0.624952197 -0.288284034 0.018562788 -0.055203013 0.955772161
1341846451.669951 -0.141362175 -0.504570603 0.614027143 -0.283704281 0.020455217 -0.051691424 0.957299054
1341846451.702077 -0.148677066 -0.501778722 0.595119357 -0.279657751 0.025244258 -0.053175319 0.958293617
1341846451.737995 -0.144166097 -0.498577476 0.584539413 -0.277465731 0.025413189 -0.052784637 0.958947718
1341846451.770041 -0.140088052 -0.490827262 0.572768867 -0.274767816 0.026523000 -0.054603569 0.959592402
1341846451.806071 -0.150937915 -0.486994922 0.554714620 -0.273081541 0.032851722 -0.057667170 0.959698737
1341846451.838004 -0.162755713 -0.491950214 0.543754935 -0.275722831 0.035904113 -0.058160342 0.958804011
1341846451.870027 -0.161825463 -0.472912014 0.527965844 -0.275964439 0.034588307 -0.059425365 0.958705306
1341846451.905961 -0.165823892 -0.470289350 0.524285793 -0.276251137 0.037247520 -0.058838375 0.958559334
1341846451.937970 -0.166171238 -0.469682008 0.514460206 -0.274897665 0.038181625 -0.056936871 0.959026396
1341846451.970138 -0.162849307 -0.461538106 0.510594249 -0.270365298 0.034747608 -0.056189988 0.960488379
1341846452.006080 -0.156825945 -0.452588439 0.492840916 -0.260152429 0.029771300 -0.058789406 0.963316262
1341846452.037935 -0.174122587 -0.449969560 0.476306289 -0.254108310 0.028988490 -0.057452571 0.965032518
1341846452.073949 -0.171344206 -0.432984203 0.463025033 -0.247058496 0.023148520 -0.051992230 0.967327774
1341846452.105977 -0.175922841 -0.429886132 0.450639546 -0.244339809 0.020833636 -0.052171312 0.968061030
1341846452.138008 -0.162497669 -0.429787934 0.446541041 -0.243044928 0.017525911 -0.050296869 0.968551576
1341846452.174074 -0.181939512 -0.430255383 0.438965231 -0.239250392 0.020227617 -0.047643933 0.969577312
1341846452.206235 -0.166370228 -0.408684701 0.419685960 -0.224131897 0.012395748 -0.042182446 0.973566592
1341846452.238073 -0.166224882 -0.402442425 0.403431088 -0.215937063 0.010225014 -0.041370776 0.975476861
1341846452.274106 -0.159693792 -0.408205211 0.401915938 -0.214349657 0.008960985 -0.041815534 0.975820363
1341846452.306097 -0.167356059 -0.403273076 0.388820827 -0.206960723 0.011787944 -0.038019452 0.977539182
1341846452.342082 -0.169742346 -0.388280123 0.370597005 -0.198770821 0.011958992 -0.034565724 0.979363203
1341846452.374034 -0.169821382 -0.372163892 0.349286139 -0.195637867 0.013524594 -0.035222519 0.979950130
1341846452.406041 -0.170887008 -0.368336469 0.350272536 -0.195529953 0.017503792 -0.031939279 0.980021179
1341846452.442053 -0.189887136 -0.379577339 0.344933271 -0.194050923 0.020482434 -0.024489200 0.980471790
1341846452.474108 -0.194506288 -0.359363824 0.329516709 -0.186312973 0.014749902 -0.017599974 0.982222021
1341846452.506073 -0.178967699 -0.342430264 0.316857278 -0.182489291 0.011268981 -0.019264765 0.982954502
1341846452.542118 -0.183433279 -0.350088298 0.314869642 -0.185996681 0.014205604 -0.017251326 0.982296228
1341846452.574108 -0.199385434 -0.381884217 0.324922562 -0.190317199 0.015318996 -0.012831898 0.981519222
1341846452.610038 -0.179799780 -0.355028361 0.316119790 -0.179676756 0.008452328 -0.009531013 0.983643234
1341846452.642126 -0.193216443 -0.331851870 0.296672970 -0.171761230 0.011305322 -0.013111440 0.984986484
1341846452.674053 -0.201336890 -0.321830750 0.284107715 -0.169977635 0.014526928 -0.012513841 0.985261381
1341846452.709891 -0.199966446 -0.317280471 0.282479554 -0.170937896 0.015156513 -0.012061035 0.985091388
1341846452.742117 -0.202109277 -0.313475192 0.280831337 -0.170237869 0.016986016 -0.012977551 0.985171139
1341846452.774020 -0.204049513 -0.307374597 0.276083320 -0.168283507 0.020507287 -0.012760783 0.985442638
1341846452.810050 -0.208057821 -0.307349682 0.274933279 -0.168133318 0.023151219 -0.011747279 0.985422313
1341846452.842060 -0.214297771 -0.299147248 0.262919843 -0.165218741 0.025612393 -0.011819459 0.985853434
1341846452.910212 -0.221695349 -0.284339696 0.258742481 -0.161522403 0.030837711 -0.011354042 0.986321807
1341846452.942284 -0.233540162 -0.283677042 0.267127872 -0.159746557 0.031206870 -0.010305770 0.986610889
1341846452.978269 -0.228004932 -0.275701612 0.249456733 -0.153496742 0.030717295 -0.011470828 0.987604976
1341846453.010078 -0.226027206 -0.249365181 0.232627019 -0.149570271 0.032990437 -0.013504535 0.988108277
1341846453.046005 -0.238265336 -0.254780412 0.237899661 -0.154974490 0.037858762 -0.017276015 0.987041593
1341846453.078276 -0.247573540 -0.258603662 0.247785375 -0.156182453 0.037796173 -0.017076781 0.986857057
1341846453.111410 -0.249099851 -0.252720207 0.254401296 -0.151582301 0.036907826 -0.019807931 0.987556696
1341846453.152099 -0.252284050 -0.241574287 0.242132738 -0.145947739 0.039679762 -0.022227308 0.988246262
1341846453.210744 -0.264009655 -0.233476311 0.257441401 -0.138411433 0.040935121 -0.028465929 0.989118934
1341846453.246368 -0.267659664 -0.225404114 0.252668560 -0.131052643 0.040301230 -0.030769661 0.990077913
1341846453.281016 -0.267375171 -0.214900374 0.243938580 -0.123560496 0.040694244 -0.036299407 0.990837574
1341846453.346478 -0.282124162 -0.210727081 0.257603973 -0.112455487 0.042910863 -0.038504973 0.991982758
1341846453.413993 -0.282840461 -0.183439836 0.256561637 -0.095115900 0.044300262 -0.049913157 0.993226647
1341846453.447282 -0.292812943 -0.187755048 0.253094733 -0.084884867 0.046006527 -0.053853959 0.993870080
1341846453.489022 -0.289461643 -0.184596553 0.245348573 -0.071321674 0.042188853 -0.053356946 0.995131314
1341846453.520074 -0.291432709 -0.185144871 0.242282063 -0.058892760 0.041699842 -0.051144220 0.996080816
1341846453.552202 -0.288140386 -0.179305986 0.242556289 -0.049220856 0.041609742 -0.045602575 0.996878326
1341846453.588242 -0.289293468 -0.146732211 0.237933442 -0.039190322 0.041278210 -0.040492363 0.997557282
1341846453.619879 -0.287448466 -0.130497292 0.232356668 -0.035967037 0.041788258 -0.040450592 0.997659206
1341846453.656024 -0.291963726 -0.123799942 0.238816619 -0.034514856 0.043183707 -0.043150924 0.997537911
1341846453.687999 -0.289098531 -0.114174277 0.238501817 -0.028828401 0.044643439 -0.045295082 0.997559130
1341846453.720025 -0.290410578 -0.108893521 0.236788481 -0.023698451 0.046405807 -0.046011850 0.997580945
1341846453.756055 -0.298739046 -0.093472138 0.237569124 -0.016605321 0.047522377 -0.046663649 0.997641385
1341846453.787935 -0.299215764 -0.075929925 0.235872939 -0.009756665 0.046864279 -0.044489093 0.997862339
1341846453.824011 -0.297780871 -0.059493102 0.231751516 -0.006920833 0.047092460 -0.042283565 0.997971117
1341846453.855942 -0.298273534 -0.045032158 0.231065348 -0.006749603 0.047877140 -0.040569786 0.998006165
1341846453.888038 -0.299791873 -0.045464814 0.235253036 -0.006905003 0.048336595 -0.039778881 0.998014748
1341846453.924065 -0.301978886 -0.034669619 0.233055353 -0.003539569 0.048170406 -0.040044077 0.998029828
1341846453.955921 -0.304148525 -0.033740461 0.233228534 -0.000703606 0.048263710 -0.040613033 0.998008370
1341846453.987940 -0.310729295 -0.038980730 0.232683778 0.005715071 0.047312852 -0.041764718 0.997990251
1341846454.024255 -0.306537658 -0.020616170 0.226345673 0.014926193 0.046257354 -0.044405386 0.997830451
1341846454.056313 -0.312679887 0.000963529 0.230957016 0.019284971 0.046765357 -0.047189318 0.997604251
1341846454.088076 -0.315094292 0.012151030 0.232343584 0.019201281 0.045458447 -0.048897497 0.997583985
1341846454.124105 -0.314236432 0.016588502 0.228093103 0.018770540 0.044151887 -0.048849065 0.997653306
1341846454.156054 -0.317457557 0.028870581 0.226586550 0.018748924 0.043453638 -0.048131477 0.997719228
1341846454.191955 -0.316046298 0.036894023 0.229173243 0.016461903 0.043013446 -0.048811991 0.997745574
1341846454.224008 -0.319228619 0.040570863 0.235951796 0.015156887 0.042645097 -0.050113920 0.997717559
1341846454.256124 -0.317545146 0.045098934 0.235411644 0.015666474 0.042139694 -0.050015941 0.997736037
1341846454.291937 -0.316308856 0.057961650 0.241495848 0.016661709 0.043313563 -0.050664108 0.997636914
1341846454.323981 -0.322089761 0.062641658 0.239475191 0.017061185 0.044074200 -0.052149836 0.997520328
1341846454.355934 -0.328502625 0.072614506 0.240635470 0.017236119 0.043105364 -0.049369980 0.997701108
1341846454.392062 -0.318404317 0.080790341 0.247268736 0.017327275 0.041780610 -0.046433475 0.997896850
1341846454.423951 -0.321800560 0.082150444 0.257703483 0.018050082 0.043471154 -0.046638414 0.997802258
1341846454.456041 -0.329069883 0.089042395 0.258208632 0.021146219 0.042766292 -0.043371420 0.997919202
1341846454.492065 -0.318520963 0.096436605 0.259723723 0.024727745 0.040921297 -0.039503861 0.998074830
1341846454.524037 -0.319912612 0.105394728 0.261451900 0.028140418 0.042606570 -0.041357428 0.997838795
1341846454.555946 -0.330743015 0.111294039 0.265833169 0.031165924 0.042306758 -0.039939910 0.997819424
1341846454.591893 -0.329846501 0.118687212 0.267389417 0.035662260 0.039295025 -0.037269473 0.997895300
1341846454.624115 -0.324983537 0.126174390 0.266762257 0.039125893 0.037332583 -0.035068870 0.997920573
1341846454.659990 -0.332826614 0.130307391 0.276401550 0.042693887 0.037285272 -0.035335224 0.997766733
1341846454.691970 -0.331639618 0.142522484 0.282806307 0.050715692 0.033723570 -0.032389227 0.997617960
1341846454.723925 -0.329853415 0.150118917 0.278689176 0.055233140 0.032534778 -0.031107325 0.997458339
1341846454.759924 -0.328561574 0.160228595 0.276354790 0.058536742 0.032321788 -0.032886840 0.997219741
1341846454.792135 -0.326056689 0.163378149 0.280145884 0.060824998 0.032201625 -0.032735020 0.997091651
1341846454.823976 -0.324681252 0.164771542 0.284764290 0.067418769 0.032116137 -0.028717142 0.996794164
1341846454.859970 -0.325418293 0.181154177 0.285864949 0.077693656 0.032453552 -0.024405930 0.996150017
1341846454.892266 -0.326167047 0.197960138 0.281640887 0.082677647 0.032343820 -0.023125097 0.995782852
1341846454.959988 -0.325011671 0.214514807 0.286939025 0.086243287 0.036258310 -0.021686045 0.995377898
1341846455.022227 -0.313765675 0.243333817 0.287427127 0.095119439 0.037029695 -0.015401137 0.994657695
1341846455.054099 -0.313574255 0.261934966 0.286693782 0.096486136 0.041679550 -0.014602884 0.994354069
1341846455.090050 -0.322135568 0.267347187 0.286430597 0.097304560 0.044432256 -0.011408603 0.994196892
1341846455.122055 -0.319790989 0.278240323 0.292098016 0.100979239 0.043207135 -0.005850323 0.993932664
1341846455.153946 -0.306445599 0.287305534 0.296563208 0.104221873 0.043112587 -0.003580941 0.993612766
1341846455.190190 -0.314567566 0.296633363 0.291625172 0.107636124 0.046365079 -0.000890987 0.993108213
1341846455.222061 -0.317935497 0.311367750 0.287904143 0.111061536 0.044554073 0.002846774 0.992810190
1341846455.258176 -0.309448510 0.327904046 0.294739544 0.112406142 0.041729067 0.004369636 0.992776096
1341846455.289996 -0.312118530 0.337190777 0.295317650 0.111538373 0.042263858 0.001995704 0.992859006
1341846455.322654 -0.316465557 0.345185697 0.300296009 0.111294098 0.040922619 0.003053837 0.992939889
1341846455.358098 -0.321943223 0.353634775 0.306206405 0.112853080 0.035979070 0.005468198 0.992945015
1341846455.390002 -0.312129229 0.367027104 0.297447115 0.113481373 0.030710619 0.007178779 0.993039429
1341846455.422100 -0.306844682 0.388740629 0.313233972 0.111694932 0.031818852 0.002458698 0.993229985
1341846455.458125 -0.316902936 0.383547693 0.300681323 0.108555295 0.032509681 0.002140329 0.993556380
1341846455.490042 -0.317501456 0.390672386 0.330831289 0.111839831 0.027650110 0.007793617 0.993310928
1341846455.525978 -0.311804265 0.413668305 0.310949236 0.115598224 0.024682837 0.008945254 0.992949009
1341846455.558173 -0.310045660 0.424362719 0.331876636 0.115085796 0.026106538 0.006630538 0.992990315
1341846455.590092 -0.316421002 0.428140342 0.338294983 0.115379177 0.024551654 0.007770157 0.992987633
1341846455.625973 -0.312554538 0.440738380 0.348930478 0.118230902 0.021070119 0.008512216 0.992726088
1341846455.658077 -0.308278590 0.454632223 0.353667855 0.119977847 0.019911373 0.007196548 0.992550790
1341846455.690122 -0.309933424 0.460581213 0.359569043 0.120931432 0.019497102 0.004483287 0.992459238
1341846455.726004 -0.308412462 0.460017204 0.364490390 0.124319293 0.016976168 0.006397589 0.992076457
1341846455.758157 -0.310581535 0.469806135 0.352501750 0.131455049 0.016244572 0.004746991 0.991177678
1341846455.826431 -0.308263063 0.495088547 0.373036951 0.143263176 0.015175734 0.000632412 0.989568114
1341846455.858084 -0.309222192 0.492889166 0.383943141 0.151098192 0.014415832 0.001186810 0.988412917
1341846455.893948 -0.295195401 0.514502823 0.391727686 0.162990421 0.014159940 0.003302668 0.986520529
1341846455.926012 -0.299392968 0.521892428 0.388946146 0.168956131 0.017537519 0.000556488 0.985467374
1341846455.958115 -0.299498260 0.522087514 0.397551805 0.175069168 0.016119255 0.003673198 0.984417319
1341846455.994972 -0.298170626 0.538850665 0.385016531 0.182119593 0.016258089 0.001623772 0.983140647
1341846456.026027 -0.299217463 0.549571753 0.394101888 0.186236054 0.017717883 0.000438730 0.982345164
1341846456.061926 -0.296297550 0.555597901 0.395291090 0.190679908 0.016573226 -0.000085508 0.981512368
1341846456.093945 -0.294354886 0.567634583 0.410160303 0.196762204 0.016326964 -0.005489027 0.980299890
1341846456.126153 -0.295791447 0.582113385 0.400394142 0.199981332 0.017175533 -0.009029130 0.979607582
1341846456.162325 -0.294280201 0.590653062 0.397870183 0.201234564 0.018250335 -0.013888850 0.979274571
1341846456.194021 -0.308362454 0.573428333 0.402068377 0.205719724 0.019195383 -0.015222856 0.978304267
1341846456.229852 -0.305200368 0.618954957 0.405262589 0.214385882 0.019686207 -0.014939230 0.976436377
1341846456.262012 -0.292127162 0.618339062 0.416112989 0.216792002 0.020468479 -0.016947251 0.975856066
1341846456.293900 -0.297346741 0.624889553 0.418429792 0.217415035 0.022381606 -0.019708887 0.975623548
1341846456.330221 -0.292830020 0.626364410 0.427211046 0.220608845 0.023330389 -0.021221159 0.974852324
1341846456.362093 -0.296357006 0.635355711 0.432104826 0.225540251 0.022121830 -0.019409914 0.973789215
1341846456.394095 -0.298726588 0.661743581 0.405889958 0.225661784 0.021277912 -0.021352392 0.973739207
1341846456.429930 -0.297205567 0.665746689 0.420998514 0.224201426 0.020784253 -0.026104035 0.973971426
1341846456.462149 -0.300770372 0.669724643 0.415925682 0.224023491 0.020321622 -0.027506996 0.973983467
1341846456.498080 -0.304169059 0.680318654 0.426488966 0.225197062 0.018226281 -0.026815517 0.973773539
1341846456.529977 -0.299473792 0.688269377 0.442224562 0.226344496 0.017313406 -0.026238890 0.973539889
1341846456.562074 -0.306399941 0.703323483 0.431523383 0.227048740 0.019138731 -0.026190234 0.973343015
1341846456.598113 -0.317031890 0.715252459 0.417777926 0.227715597 0.017389622 -0.022035992 0.973322988
1341846456.629868 -0.320571393 0.720112503 0.415719837 0.229401529 0.012103574 -0.018247282 0.973085523
1341846456.662113 -0.318065345 0.740000904 0.413176417 0.228991523 0.012231382 -0.020859044 0.973128021
1341846456.697989 -0.322961539 0.738351643 0.420472920 0.227281466 0.012645844 -0.022769064 0.973480761
1341846456.730098 -0.323185503 0.749964654 0.418579549 0.228238210 0.009517984 -0.022286182 0.973303676
1341846456.766110 -0.319587350 0.754001141 0.421197176 0.228046462 0.008547544 -0.023907550 0.973319173
1341846456.798062 -0.318109006 0.767040968 0.420827240 0.228056982 0.009946058 -0.027026523 0.973221779
1341846456.830204 -0.321731180 0.769808233 0.439388007 0.229514018 0.009799290 -0.027920455 0.972855449
1341846456.866247 -0.321870446 0.782252729 0.442797929 0.231871545 0.007979389 -0.027115097 0.972335696
1341846456.898128 -0.318577737 0.783538878 0.428222001 0.232166037 0.007199198 -0.026321320 0.972293317
1341846456.929870 -0.319644749 0.798395038 0.424982965 0.232541844 0.009303877 -0.028254477 0.972131371
1341846456.966238 -0.328191072 0.798176587 0.431213170 0.232164815 0.009704011 -0.026757164 0.972259939
1341846456.997966 -0.318014562 0.811819255 0.453072309 0.236328378 0.007322746 -0.023669994 0.971357286
1341846457.034139 -0.316056758 0.828383923 0.450527549 0.237822548 0.008628262 -0.024046319 0.970972598
1341846457.066343 -0.324201524 0.829041123 0.446778238 0.236190557 0.009659246 -0.024496322 0.971349895
1341846457.098123 -0.319811285 0.830496013 0.451954305 0.237982646 0.008971238 -0.024676036 0.970914423
1341846457.133984 -0.324841142 0.838514328 0.454916686 0.240146488 0.009312891 -0.024297100 0.970387876
1341846457.165966 -0.319789499 0.838609278 0.456769764 0.241700992 0.007173549 -0.023772780 0.970032990
1341846457.198024 -0.315941036 0.843610644 0.455364168 0.245813191 0.008237651 -0.024838846 0.968963921
1341846457.234155 -0.318288624 0.852842391 0.456885815 0.248868674 0.010138488 -0.024527375 0.968173504
1341846457.266029 -0.316789716 0.855777442 0.458816886 0.249788672 0.009962093 -0.024142317 0.967948079
1341846457.302162 -0.309933633 0.863268733 0.460628092 0.249810278 0.011315024 -0.025660804 0.967888594
1341846457.334093 -0.312153071 0.863045931 0.460653365 0.248296112 0.013354119 -0.025469135 0.968257189
1341846457.365992 -0.307921261 0.866294384 0.462755650 0.247980401 0.013983746 -0.024379821 0.968357265
1341846457.401999 -0.302842379 0.866838157 0.454764158 0.247283608 0.016154625 -0.024266770 0.968504488
1341846457.434165 -0.308033913 0.871112227 0.458159953 0.245636865 0.019823993 -0.026192706 0.968805194
1341846457.470028 -0.312783509 0.867158473 0.460359991 0.242467895 0.019898875 -0.026456209 0.969594479
1341846457.502234 -0.302494884 0.862924933 0.454148829 0.239902705 0.018637685 -0.026714385 0.970250309
1341846457.534037 -0.303715974 0.871537864 0.437046021 0.236464247 0.022095088 -0.029449858 0.970942438
1341846457.570088 -0.308865607 0.859707117 0.457513064 0.228402004 0.026312938 -0.033934589 0.972619474
1341846457.601985 -0.302935958 0.849114835 0.455149323 0.223421663 0.025857689 -0.032253921 0.973844886
1341846457.634100 -0.296695292 0.839158297 0.453478813 0.219985709 0.028921979 -0.028654929 0.974653125
1341846457.670084 -0.293754667 0.831362605 0.452923447 0.216914609 0.032475341 -0.024630329 0.975339293
1341846457.701992 -0.292378068 0.812455475 0.457363099 0.213669717 0.035990991 -0.020602666 0.976025283
1341846457.738024 -0.287946701 0.795371592 0.446632713 0.213525772 0.039113469 -0.017272005 0.976001322
1341846457.770266 -0.288202673 0.782022119 0.449545473 0.215542257 0.042631760 -0.014112596 0.975461364
1341846457.802137 -0.279561222 0.767785668 0.447087646 0.216773406 0.044316191 -0.012525383 0.975135088
1341846457.838017 -0.272984236 0.751538754 0.441915691 0.217641041 0.048449542 -0.013750832 0.974728644
1341846457.870077 -0.279747367 0.745355725 0.454802781 0.218956307 0.051763855 -0.012959853 0.974274457
1341846457.902124 -0.273060381 0.723945141 0.456182450 0.218610063 0.050864987 -0.010538809 0.974428713
1341846457.937994 -0.265883952 0.719653189 0.437225491 0.219600663 0.054352663 -0.012257936 0.973997474
1341846457.970119 -0.274594456 0.707484722 0.445839942 0.217507228 0.057194587 -0.012205124 0.974305034
1341846458.006046 -0.267146409 0.693586707 0.437917799 0.214288756 0.056324437 -0.012866641 0.975060165
1341846458.038014 -0.260619372 0.680631876 0.426767737 0.211428240 0.060187083 -0.016171925 0.975404561
1341846458.070131 -0.268033028 0.666080415 0.431059241 0.208121404 0.063881375 -0.015027069 0.975898981
1341846458.106139 -0.264225781 0.649856329 0.426069260 0.205957577 0.063166097 -0.011075276 0.976457298
1341846458.138044 -0.258604109 0.639866054 0.423291326 0.204502612 0.063934974 -0.008164443 0.976741731
1341846458.169976 -0.256115824 0.629502475 0.418232113 0.200532526 0.066758767 -0.008259781 0.977374911
1341846458.205943 -0.266076922 0.610320330 0.414415866 0.194555253 0.068695299 -0.009574518 0.978436232
1341846458.238247 -0.261309326 0.592685103 0.417249650 0.190942332 0.066207416 -0.007951909 0.979333639
1341846458.273991 -0.254434377 0.583753586 0.408185482 0.186779886 0.066395186 -0.009038083 0.980113924
1341846458.306111 -0.258957833 0.562249899 0.408260107 0.180512384 0.066773310 -0.010724958 0.981244922
1341846458.344939 -0.253825158 0.543910742 0.404157281 0.177279279 0.064572774 -0.008797971 0.982000530
1341846458.406267 -0.252277583 0.513958514 0.395292968 0.171771705 0.063438013 -0.004444603 0.983082056
1341846458.442040 -0.248681799 0.498270154 0.390531123 0.167247266 0.062960088 -0.004243367 0.983893454
1341846458.473980 -0.248222426 0.478796422 0.388487786 0.163778633 0.062671542 -0.002956687 0.984499931
1341846458.506295 -0.250888854 0.464892983 0.383595437 0.160507083 0.062011834 -0.001370942 0.985083818
1341846458.541965 -0.246287555 0.458039343 0.377264559 0.155530080 0.060657207 -0.000674357 0.985966861
1341846458.573927 -0.246049285 0.427476764 0.373301595 0.148925155 0.059990324 0.001386578 0.987026095
1341846458.606148 -0.240975678 0.420645684 0.366724133 0.147560760 0.059049726 0.003610200 0.987282038
1341846458.642017 -0.249050424 0.411870092 0.362656713 0.141651735 0.059545137 0.004675417 0.988112986
1341846458.673954 -0.250393599 0.396536171 0.351403892 0.134198949 0.056148268 0.006582287 0.989340544
1341846458.710158 -0.243353397 0.399667323 0.344601810 0.125310257 0.053526841 0.004489459 0.990662456
1341846458.741981 -0.250312954 0.366942436 0.346091390 0.109919921 0.052996594 0.000725340 0.992526293
1341846458.773965 -0.251015246 0.365636766 0.339886248 0.101604402 0.044904787 -0.003175458 0.993805826
1341846458.810261 -0.248174712 0.339436114 0.333237350 0.089596465 0.041691516 -0.008097233 0.995072246
1341846458.845355 -0.248449057 0.323950619 0.331234872 0.085599244 0.041048713 -0.009526130 0.995438099
1341846458.910230 -0.245201603 0.306910723 0.317975849 0.082548760 0.038291421 -0.005146539 0.995837808
1341846458.942341 -0.246622875 0.297928751 0.316010147 0.079258002 0.039438874 -0.006310832 0.996053636
1341846458.979658 -0.253809541 0.289094418 0.313281119 0.075168200 0.040029638 -0.007944849 0.996335387
1341846459.010325 -0.255079269 0.283419102 0.305116147 0.070413411 0.037301268 -0.007375393 0.996792972
1341846459.052625 -0.249128371 0.281993747 0.305790782 0.062654331 0.035405923 -0.010872711 0.997347772
1341846459.078195 -0.252662718 0.267779171 0.302083135 0.052917700 0.035615917 -0.014634592 0.997856200
1341846459.110297 -0.248951763 0.261672378 0.295916677 0.046216179 0.034588337 -0.016194994 0.998201072
1341846459.156583 -0.257534742 0.241910100 0.294235706 0.039451927 0.035921644 -0.016326845 0.998442113
1341846459.209921 -0.248303175 0.223162800 0.281129330 0.034527063 0.034845218 -0.014557866 0.998690009
1341846459.246034 -0.252008140 0.225917011 0.280005664 0.031219879 0.037001669 -0.018081190 0.998663723
1341846459.278165 -0.248083472 0.220070034 0.274707586 0.021912467 0.036475837 -0.021381225 0.998865426
1341846459.310125 -0.246330976 0.205809221 0.271923900 0.011487069 0.037776969 -0.026362520 0.998872340
1341846459.346071 -0.247536242 0.197523803 0.265829057 0.001649580 0.040509261 -0.032408580 0.998652041
1341846459.378112 -0.250547886 0.179680288 0.262112379 -0.004922846 0.042300742 -0.034379419 0.998501122
1341846459.409983 -0.242460668 0.165678188 0.254706830 -0.005572062 0.044449825 -0.033229802 0.998443246
1341846459.446124 -0.247741297 0.163143009 0.249445871 -0.003715783 0.049754586 -0.036968008 0.998070180
1341846459.478285 -0.250600517 0.167414352 0.253084809 -0.002542797 0.051568769 -0.040240128 0.997855127
1341846459.514102 -0.248177156 0.160599977 0.247837394 -0.006159725 0.051118061 -0.050932925 0.997373998
1341846459.546042 -0.247247264 0.153456733 0.242532402 -0.013963450 0.053680934 -0.069579668 0.996033132
1341846459.578086 -0.257990390 0.145614237 0.249676645 -0.019218048 0.055616103 -0.088984273 0.994293392
1341846459.614088 -0.263103247 0.139368728 0.254058778 -0.019713698 0.053734053 -0.106948048 0.992615819
1341846459.646471 -0.256072253 0.139477059 0.246645108 -0.019066583 0.049720298 -0.124599457 0.990777135
1341846459.682060 -0.260816276 0.141044110 0.241378769 -0.023060324 0.050554164 -0.144959569 0.987876117
1341846459.713908 -0.271473289 0.143506482 0.246641219 -0.025323253 0.050019439 -0.162409529 0.985129356
1341846459.746062 -0.275017947 0.137276143 0.244870871 -0.028801253 0.047066949 -0.181204826 0.981896102
1341846459.782130 -0.269588500 0.139428243 0.246323287 -0.031273969 0.043606587 -0.197223544 0.978888810
1341846459.814161 -0.275652349 0.126071513 0.248928234 -0.034088343 0.040782839 -0.213118359 0.975579441
1341846459.845917 -0.294148624 0.126089528 0.245444328 -0.032304347 0.038063537 -0.228727385 0.972209513
1341846459.881966 -0.282240897 0.125084683 0.243717834 -0.031905789 0.027897470 -0.245437086 0.968485594
1341846459.914201 -0.274914742 0.127815515 0.236422792 -0.036679912 0.021977600 -0.265438437 0.963179111
1341846459.950366 -0.277857125 0.128635913 0.241474822 -0.045077231 0.019378148 -0.287807882 0.956430435
1341846459.982150 -0.290652931 0.141538233 0.236860394 -0.051163919 0.016003987 -0.308506846 0.949710310
1341846460.014318 -0.291465938 0.132394478 0.237311572 -0.058192670 0.009650351 -0.322026938 0.944891095
1341846460.050064 -0.289473981 0.135571599 0.233127296 -0.062493101 0.006774012 -0.339657784 0.938446224
1341846460.082470 -0.297188550 0.147383079 0.234967276 -0.066018797 0.006255153 -0.351588696 0.933802843
1341846460.113981 -0.306568861 0.150257468 0.241025567 -0.070694394 0.001631016 -0.358619958 0.930801511
1341846460.150105 -0.308771163 0.143324092 0.236951038 -0.074928924 -0.003093986 -0.367762119 0.926891088
1341846460.181998 -0.302410454 0.138905913 0.226796195 -0.077658385 -0.005824403 -0.381573021 0.921052277
1341846460.218224 -0.313919872 0.155370951 0.232596561 -0.077931106 -0.003617280 -0.388525844 0.918129206
1341846460.250207 -0.307079852 0.151310176 0.231990457 -0.077995628 -0.008159937 -0.393319935 0.916051030
1341846460.282079 -0.308214784 0.149914563 0.222830340 -0.079907641 -0.008502387 -0.402102858 0.912061274
1341846460.318118 -0.309228122 0.160946846 0.221369833 -0.083408765 -0.009135203 -0.411410302 0.907579780
1341846460.350039 -0.312985897 0.159372047 0.223479033 -0.090817429 -0.011455973 -0.419691443 0.903039336
1341846460.382034 -0.317838907 0.167851448 0.219381690 -0.095300220 -0.012736479 -0.427329183 0.898969114
1341846460.417986 -0.319672197 0.161019608 0.219268709 -0.103200391 -0.015305466 -0.435262263 0.894238353
1341846460.450206 -0.312485814 0.167447969 0.217843190 -0.107462920 -0.018651536 -0.443423539 0.889651299
1341846460.486901 -0.314004302 0.169011921 0.218636110 -0.112868220 -0.021864768 -0.452617764 0.884262323
1341846460.550003 -0.317721695 0.171165124 0.209757000 -0.122685380 -0.027737329 -0.476367801 0.870202661
1341846460.585983 -0.319006085 0.178600460 0.213762224 -0.127343357 -0.029718937 -0.489343852 0.862231433
1341846460.618376 -0.324577957 0.180754840 0.217418134 -0.132896304 -0.033816058 -0.500763237 0.854652643
1341846460.654440 -0.331444889 0.177804857 0.212492242 -0.138297647 -0.036589429 -0.511283875 0.847421825
1341846460.685981 -0.327074498 0.177691638 0.209424108 -0.141604975 -0.039109264 -0.523389876 0.839333951
1341846460.719720 -0.328193933 0.191956237 0.213808239 -0.143509269 -0.040775873 -0.531895041 0.833564699
1341846460.754596 -0.326501191 0.190957218 0.206713945 -0.148941115 -0.044336267 -0.538477004 0.828186750
1341846460.818048 -0.414442360 0.173553646 0.234993473 -0.177091315 -0.033428118 -0.555022359 0.812078476
1341846460.854135 -0.392596602 0.200195402 0.226418868 -0.175861746 -0.035456780 -0.559846759 0.808941960
1341846460.886066 -0.399077594 0.191831738 0.225949779 -0.182294726 -0.035154857 -0.563911557 0.804696560
1341846460.922118 -0.408174515 0.191474736 0.223152712 -0.187436730 -0.031170119 -0.570755959 0.798832595
1341846460.953981 -0.382926494 0.197424620 0.224630266 -0.186292648 -0.032124825 -0.572483301 0.797825754
1341846460.986060 -0.389747113 0.194146037 0.224910021 -0.189003095 -0.030759802 -0.573098242 0.796799898
1341846461.022018 -0.393062949 0.197836518 0.221972942 -0.190684110 -0.027738215 -0.576602101 0.793977439
1341846461.053987 -0.389439702 0.197301626 0.220698476 -0.193114236 -0.025355041 -0.579512477 0.791346490
1341846461.086024 -0.378964931 0.200888798 0.223196387 -0.193747804 -0.024473803 -0.577370703 0.792783618
1341846461.122172 -0.374394298 0.204690143 0.223424494 -0.192551464 -0.022823069 -0.573091805 0.796221554
1341846461.153999 -0.402184159 0.190115482 0.231231123 -0.196187794 -0.015564718 -0.568907559 0.798506320
1341846461.190395 -0.375734895 0.206050038 0.223873407 -0.186172768 -0.009947564 -0.561855853 0.805952072
1341846461.222053 -0.367571115 0.214896113 0.226778999 -0.179771230 -0.007063861 -0.553270876 0.813341141
1341846461.254158 -0.372932792 0.200667515 0.222975582 -0.178713292 -0.004917997 -0.548091710 0.817088068
1341846461.289936 -0.365746230 0.200614691 0.229086787 -0.172796071 -0.002384217 -0.546587288 0.819376707
1341846461.322044 -0.367809683 0.209424183 0.227122039 -0.168213159 -0.001695684 -0.544431269 0.821764052
1341846461.354118 -0.359704763 0.193353117 0.225160092 -0.169093072 -0.006316906 -0.543377519 0.822258174
1341846461.390065 -0.366506457 0.175455138 0.226314187 -0.171433404 -0.005515766 -0.546062171 0.819997787
1341846461.422073 -0.359249651 0.193041816 0.227374554 -0.165499270 -0.002311499 -0.545248032 0.821772039
1341846461.458072 -0.362205863 0.195428222 0.234641314 -0.162547842 -0.000164191 -0.538429141 0.826844752
1341846461.490119 -0.357880026 0.184930593 0.225293398 -0.159121588 0.001100221 -0.531488895 0.831984758
1341846461.522406 -0.374826968 0.192853570 0.232344180 -0.154618785 0.012544423 -0.521819949 0.838832259
1341846461.558036 -0.341399193 0.186115667 0.232074648 -0.146204874 0.009796259 -0.505886078 0.850063205
1341846461.622229 -0.332420051 0.164765015 0.226226807 -0.138566658 0.010893055 -0.483889043 0.864020824
1341846461.657948 -0.342847943 0.157091349 0.240698814 -0.137366354 0.013781206 -0.473282695 0.870025277
1341846461.726030 -0.335681945 0.165485412 0.232919335 -0.119804792 0.014980858 -0.447391510 0.886150777
1341846461.758483 -0.337551892 0.196681604 0.207163572 -0.104280263 0.024015073 -0.426703900 0.898038208
1341846461.789933 -0.335998923 0.189048588 0.233147129 -0.099885084 0.023198253 -0.413856030 0.904548466
1341846461.826110 -0.339763373 0.151578799 0.244160339 -0.100040309 0.023052132 -0.400922984 0.910341322
1341846461.858118 -0.338984936 0.154634818 0.243355095 -0.089096218 0.027196771 -0.386734724 0.917473972
1341846461.894127 -0.330931336 0.146841913 0.234392092 -0.082206562 0.027675524 -0.372112334 0.924125791
1341846461.926026 -0.335299313 0.139931843 0.239995718 -0.078279734 0.031463418 -0.358177096 0.929834127
1341846461.958215 -0.338903099 0.139426425 0.246888041 -0.071763545 0.034501869 -0.344219625 0.935506523
1341846461.994132 -0.341124833 0.140304625 0.248481259 -0.064261310 0.035899766 -0.326883972 0.942193449
1341846462.026102 -0.323762387 0.127702266 0.240494534 -0.059148584 0.031766433 -0.309198588 0.948624551
1341846462.058066 -0.307975441 0.102752216 0.232315481 -0.058047205 0.025647931 -0.290733069 0.954697311
1341846462.094057 -0.309072524 0.113297179 0.236474097 -0.052542619 0.024094556 -0.271838933 0.960605145
1341846462.126029 -0.320414364 0.093897179 0.233800203 -0.051711056 0.023326008 -0.254029065 0.965531528
1341846462.162124 -0.318740696 0.096574008 0.238591224 -0.045637749 0.020197887 -0.235502452 0.970591486
1341846462.194292 -0.317385018 0.096400127 0.236267149 -0.040990911 0.018386431 -0.219222859 0.974639952
1341846462.226092 -0.325451285 0.081585407 0.238162205 -0.038397174 0.016673325 -0.204579607 0.977954388
1341846462.262203 -0.320453286 0.087403171 0.239897832 -0.031919818 0.013169946 -0.187536940 0.981650412
1341846462.293934 -0.315063834 0.100371733 0.240778998 -0.025813270 0.010789322 -0.177094370 0.983796120
1341846462.325983 -0.331781894 0.117567994 0.253743649 -0.021858860 0.012566505 -0.171513453 0.984859049
1341846462.362050 -0.342674762 0.102754928 0.247398123 -0.020760389 0.012775434 -0.159894645 0.986833096
1341846462.400267 -0.330326140 0.100758500 0.233968452 -0.014905740 0.011518919 -0.142439291 0.989624262
1341846462.431940 -0.326153010 0.096572474 0.230272487 -0.007019463 0.011995467 -0.122076213 0.992423415
1341846462.468003 -0.329742283 0.096549638 0.226429060 -0.000003616 0.013095993 -0.103572011 0.994535744
1341846462.500020 -0.326789171 0.095882401 0.223680854 0.005641519 0.013403224 -0.086519882 0.996143997
1341846462.535930 -0.320404708 0.088820986 0.221291959 0.010637946 0.014996550 -0.069671102 0.997400582
1341846462.567947 -0.322468698 0.078434564 0.224804655 0.017105140 0.018424904 -0.053533133 0.998249531
1341846462.599970 -0.322143078 0.079894714 0.223267525 0.025128454 0.020126950 -0.035602175 0.998847306
1341846462.635989 -0.325135767 0.079667337 0.221574634 0.031615924 0.022097643 -0.017743392 0.999098241
1341846462.668003 -0.325454086 0.081734926 0.217121258 0.035848267 0.022006301 -0.003699530 0.999108076
1341846462.704029 -0.324775964 0.081868216 0.214132100 0.037503399 0.022391520 0.010967993 0.998985410
1341846462.735984 -0.326301575 0.082161300 0.210702643 0.038327921 0.021793693 0.026653465 0.998671889
1341846462.768046 -0.321423203 0.079095334 0.213521123 0.037667897 0.018632710 0.050127801 0.997858286
1341846462.803937 -0.320259720 0.074597105 0.216272533 0.039446820 0.017564055 0.068809025 0.996694922
1341846462.835950 -0.317793041 0.072031558 0.212742656 0.041530743 0.017589869 0.085068524 0.995353758
1341846462.871842 -0.314729780 0.067446835 0.210122302 0.044323832 0.017173750 0.104233958 0.993416190
1341846462.904097 -0.306277484 0.066413835 0.214742139 0.048091177 0.018220732 0.115864322 0.991932809
1341846462.966029 -0.308001459 0.053224687 0.211310729 0.055135410 0.024646699 0.129670113 0.989716232
1341846462.998172 -0.306269944 0.048151735 0.204006627 0.062448412 0.024347266 0.139908344 0.987893283
1341846463.029970 -0.310266078 0.053488232 0.202516422 0.068006255 0.025967641 0.145759404 0.986638248
1341846463.066067 -0.314771622 0.053926371 0.199018821 0.069586314 0.026691366 0.155225560 0.985063612
1341846463.098088 -0.310307980 0.051887069 0.198324293 0.070380062 0.024932880 0.169371277 0.982719898
1341846463.134111 -0.307194173 0.052654792 0.198029071 0.071299724 0.025243837 0.185680792 0.979694724
1341846463.165917 -0.305185854 0.049619749 0.199711591 0.072484888 0.026749769 0.205028921 0.975701571
1341846463.198310 -0.304447353 0.053275980 0.199444473 0.074155048 0.028814049 0.224079147 0.971318364
1341846463.234037 -0.309101582 0.055395395 0.201874182 0.073293515 0.032430496 0.238291919 0.967880845
1341846463.265874 -0.303440809 0.046720177 0.193133399 0.070740215 0.033199150 0.251406193 0.964722037
1341846463.298219 -0.299313784 0.043342769 0.196124196 0.073046863 0.032698322 0.262198150 0.961689711
1341846463.334210 -0.301416487 0.041450053 0.198200077 0.078541048 0.034039464 0.270186931 0.958995104
1341846463.365995 -0.292587638 0.032088608 0.188682139 0.084345601 0.034179427 0.281943291 0.955105007
1341846463.402065 -0.290665507 0.026495866 0.181880265 0.090448558 0.035266958 0.289757013 0.952163935
1341846466.854152 -0.324280292 0.115826651 0.209657148 0.012649978 0.078528553 0.198552862 0.976857185
1341846466.886138 -0.317140490 0.127630904 0.228560090 0.011653774 0.075957157 0.191270441 0.978524566
1341846466.918000 -0.313626558 0.142026216 0.227531970 0.006149134 0.076973185 0.178467542 0.980911136
1341846466.954116 -0.320517123 0.146223143 0.235766396 -0.001010240 0.076996699 0.161418498 0.983877301
1341846466.986117 -0.319254041 0.149376974 0.232654929 -0.008322045 0.073062234 0.150551870 0.985863447
1341846467.018002 -0.303445101 0.145889550 0.231765330 -0.016576735 0.073101610 0.138348639 0.987542927
1341846467.054121 -0.311248034 0.134978428 0.227861226 -0.024213485 0.075102694 0.123549499 0.989196002
1341846467.086519 -0.315110862 0.129918098 0.230740100 -0.026000595 0.072116978 0.112350710 0.990707040
1341846467.122117 -0.302452207 0.136719719 0.234111309 -0.027214745 0.067489982 0.099290237 0.992394030
1341846467.154292 -0.301103324 0.126619086 0.235921234 -0.027689997 0.069098406 0.086080030 0.993503332
1341846467.221944 -0.294238448 0.133274302 0.240969047 -0.014989538 0.060259901 0.070034049 0.995609999
1341846470.438051 0.057333715 0.167453632 -0.036503650 0.003444964 0.028633455 0.032547355 0.999054015
1341846470.470041 0.056912772 0.162909284 -0.027331010 0.003619472 0.028083742 0.033490941 0.999037802
1341846470.506110 0.057791576 0.164479166 -0.028956715 0.005471009 0.026331065 0.034180406 0.999053776
1341846470.538167 0.062561758 0.164705649 -0.030103449 0.007205903 0.025670970 0.034287080 0.999056280
1341846470.573973 0.060009729 0.163102105 -0.031853657 0.007406869 0.025687879 0.033978235 0.999064922
1341846470.606133 0.058942169 0.159900784 -0.037492875 0.007689232 0.024697991 0.035294376 0.999042153
