1341846649.316071 0.0000000 0.0000000 0.0000000 0.0000000 0.0000000 0.0000000 1.0000000
1341846649.348041 0.0051984 -0.0113597 0.0187706 -0.0026352 -0.0032212 0.0030918 0.9999865
1341846649.383973 0.0166408 -0.0140015 0.0163002 -0.0004413 -0.0091526 0.0078514 0.9999272
1341846649.416053 0.0197188 0.0156209 -0.0022927 0.0024111 -0.0084376 0.0019332 0.9999596
1341846649.448084 0.0235406 0.0044957 0.0069829 -0.0045233 -0.0059723 0.0021584 0.9999696
1341846649.516198 0.0431514 -0.0092081 0.0189146 -0.0079700 -0.0125355 0.0025284 0.9998865
1341846649.552101 0.0519039 -0.0060548 0.0230831 -0.0065282 -0.0109724 -0.0015165 0.9999173
1341846649.778019 0.0815432 -0.0306562 0.0072257 -0.0035784 -0.0354009 -0.0033146 0.9993613
1341846649.810257 0.0679539 -0.0461797 -0.0089604 -0.0047460 -0.0412361 0.0003470 0.9991381
1341846649.846059 0.0857529 -0.0156165 -0.0177633 -0.0021228 -0.0527940 -0.0052028 0.9985896
1341846649.914184 0.1196406 -0.0434447 0.0129023 -0.0093959 -0.0683799 -0.0014548 0.9976140
1341846649.952612 0.1341529 -0.0167447 0.0121705 -0.0033707 -0.0723292 -0.0014410 0.9973741
1341846650.014156 0.1423029 -0.0269141 0.0107248 -0.0028822 -0.0762096 0.0071715 0.9970618
1341846650.046184 0.1593482 -0.0187021 0.0181217 -0.0005437 -0.0810676 0.0075571 0.9966798
1341846650.078250 0.1767613 -0.0195677 0.0312515 0.0009715 -0.0818330 0.0074223 0.9966180
1341846650.214164 0.1994814 -0.0211850 0.0252524 0.0100090 -0.0832713 0.0083905 0.9964413
1341846650.246084 0.2052560 -0.0247932 0.0215931 0.0080621 -0.0846309 0.0079029 0.9963484
1341846650.282167 0.2273734 -0.0375955 0.0465408 0.0090588 -0.0857234 0.0044413 0.9962679
1341846650.350453 0.2163365 -0.0303003 0.0138544 0.0102504 -0.0792146 0.0000250 0.9968049
1341846650.382075 0.2278486 -0.0354568 0.0331023 0.0077716 -0.0805948 -0.0026006 0.9967133
1341846650.414224 0.2533405 -0.0520168 0.0496708 0.0074192 -0.0797444 -0.0022050 0.9967853
1341846650.582069 0.2074417 -0.0421030 0.0301126 0.0174325 -0.0458662 -0.0047950 0.9987839
1341846650.718110 0.1621975 -0.0462605 0.0386869 0.0175104 -0.0164983 -0.0153176 0.9995932
1341846650.750112 0.1671027 -0.0550124 0.0357552 0.0167954 -0.0110878 -0.0164784 0.9996617
1341846650.886238 0.1371540 -0.0633526 0.0221233 0.0186463 0.0175710 -0.0105365 0.9996162
1341846650.950233 0.0705791 -0.0538373 0.0356000 0.0214616 0.0434970 -0.0090199 0.9987823
1341846650.986247 0.0907116 -0.0589029 0.0485899 0.0200065 0.0497173 -0.0060893 0.9985443
1341846651.086169 -0.0282729 -0.0456785 0.0423282 0.0214618 0.0911940 0.0050080 0.9955893
1341846651.154189 -0.0146082 -0.0574858 0.0477616 0.0258304 0.1000865 0.0089101 0.9946035
1341846652.594254 -0.5699784 -0.0823614 0.1660622 0.0919545 0.3196676 0.0260037 0.9426987
1341846652.626356 -0.5736941 -0.0967528 0.1711207 0.0909073 0.3307573 0.0260339 0.9389663
1341846652.662152 -0.5983267 -0.0824172 0.1534428 0.0923476 0.3471589 0.0207932 0.9330168
1341846652.694113 -0.6297894 -0.1041845 0.1505183 0.0830637 0.3742909 0.0153992 0.9234552
1341846652.726378 -0.6189007 -0.1115333 0.1531762 0.0842406 0.3987930 0.0173296 0.9129991
1341846652.762129 -0.6568345 -0.1017970 0.2176760 0.0832390 0.4349642 0.0144024 0.8964764
1341846652.794152 -0.6630909 -0.1107374 0.2019833 0.0790399 0.4625857 0.0189032 0.8828419
1341846652.830250 -0.6654158 -0.1357229 0.2147427 0.0736953 0.4915791 0.0236400 0.8673870
1341846660.270168 -0.2493366 -0.0904318 0.0669299 -0.0274814 0.2090421 0.0402141 0.9766929
1341846660.302258 -0.2522564 -0.1028884 0.0678663 -0.0157725 0.2052387 0.0374765 0.9778669
1341846660.602130 -0.2626864 -0.0814470 0.0666921 0.0147980 0.2008686 0.0326367 0.9789625
1341846660.706457 -0.2534640 -0.0878900 0.0615664 0.0195856 0.2021237 0.0357465 0.9785114
1341846660.770121 -0.2385454 -0.0725907 0.0498814 0.0298317 0.2023683 0.0353061 0.9782181
1341846660.806117 -0.2434258 -0.0920447 0.0518496 0.0315061 0.2077023 0.0355641 0.9770375
1341846660.838338 -0.2495293 -0.0962434 0.0524111 0.0412682 0.2078533 0.0364866 0.9766077
1341846660.938063 -0.2514713 -0.1073301 0.0496210 0.0611834 0.2165588 0.0328023 0.9737982
1341846662.446102 -0.2704406 -0.1058774 0.0455933 0.2432563 0.2172577 -0.0155257 0.9451901
1341846662.482229 -0.2635352 -0.1183605 0.0439466 0.2500354 0.2158337 -0.0178191 0.9437058
1341846662.546261 -0.2684376 -0.1122365 0.0406202 0.2665641 0.2164867 -0.0184806 0.9390078
1341846663.018208 -0.2681082 -0.0925572 0.0335808 0.2955199 0.2101838 -0.0236973 0.9316272
1341846663.250380 -0.3035662 -0.0827663 0.0031895 0.2860048 0.2139472 -0.0299400 0.9335585
1341846663.286056 -0.2883994 -0.0926337 -0.0176676 0.2809579 0.2130425 -0.0285389 0.9353401
1341846665.398079 -0.2649844 -0.0210274 0.0439022 -0.1230928 0.2328838 0.0594105 0.9628519
1341846665.430162 -0.2709483 -0.0167313 0.0482455 -0.1316435 0.2348957 0.0565458 0.9614034
1341846665.462226 -0.2702797 -0.0040600 0.0444464 -0.1406395 0.2384349 0.0589035 0.9591140
1341846665.530109 -0.2657461 -0.0198099 0.0469221 -0.1490903 0.2348985 0.0629861 0.9584506
1341846665.598196 -0.2671381 -0.0175705 0.0411009 -0.1508027 0.2347079 0.0655186 0.9580595
1341846665.630107 -0.2676873 -0.0096688 0.0406484 -0.1528134 0.2352707 0.0646746 0.9576601
1341846665.666289 -0.2721882 -0.0165511 0.0400843 -0.1583795 0.2381010 0.0659513 0.9559677
1341846665.698060 -0.2735302 -0.0209600 0.0413117 -0.1622435 0.2368801 0.0674757 0.9555166
1341846665.730361 -0.2702430 -0.0126132 0.0354898 -0.1632623 0.2353898 0.0666994 0.9557658
1341846665.766193 -0.2722075 -0.0123765 0.0331619 -0.1676050 0.2373790 0.0676657 0.9544533
1341846665.798338 -0.2757619 -0.0138582 0.0344076 -0.1712447 0.2386073 0.0684073 0.9534476
1341846665.834237 -0.2761739 -0.0095591 0.0308740 -0.1741424 0.2383885 0.0690961 0.9529276
1341846665.866106 -0.2718970 -0.0004434 0.0239194 -0.1781136 0.2392713 0.0708560 0.9518425
1341846665.898073 -0.2715940 -0.0086517 0.0235730 -0.1877496 0.2416498 0.0718528 0.9493117
1341846665.966137 -0.2891710 -0.0248114 0.0324806 -0.1995793 0.2433957 0.0764601 0.9460869
1341846666.034210 -0.2761199 -0.0072240 0.0239907 -0.1997575 0.2425653 0.0805134 0.9459263
1341846666.072502 -0.2839165 -0.0086944 0.0242930 -0.2011865 0.2432209 0.0804103 0.9454638
1341846666.134147 -0.2806138 -0.0093945 0.0242913 -0.2093957 0.2446505 0.0834708 0.9430441
1341846666.202327 -0.2811992 -0.0141380 0.0195670 -0.2142781 0.2450348 0.0832276 0.9418684
1341846666.234319 -0.2799329 -0.0046945 0.0176587 -0.2147903 0.2431050 0.0842823 0.9421579
1341846666.266322 -0.2800477 -0.0020266 0.0123061 -0.2182253 0.2401623 0.0837324 0.9421723
1341846666.302195 -0.2944633 -0.0334302 0.0202729 -0.2324789 0.2440932 0.0890010 0.9372571
1341846666.335080 -0.2732334 -0.0993260 0.0419277 -0.2542093 0.2412856 0.0970066 0.9315302
1341846666.370216 -0.2537525 -0.0805658 0.0390318 -0.2570627 0.2340482 0.0986973 0.9324157
1341846666.402019 -0.2404658 -0.0977715 0.0347197 -0.2658292 0.2316098 0.1027193 0.9301293
1341846666.434088 -0.2220182 -0.1104244 0.0432972 -0.2740039 0.2295979 0.1077745 0.9276806
1341846666.470060 -0.1926164 -0.1249533 0.0421385 -0.2785976 0.2220898 0.1129455 0.9275251
1341846666.502190 -0.2159700 -0.1466973 0.0518237 -0.2870530 0.2268784 0.1119475 0.9239018
1341846666.534121 -0.1811897 -0.1606418 0.0648462 -0.2982497 0.2232467 0.1226498 0.9198723
1341846666.570131 -0.1007266 -0.1981027 0.0670811 -0.3154421 0.2081541 0.1345737 0.9160011
1341846666.602180 -0.0921582 -0.2245710 0.0773013 -0.3287357 0.2066797 0.1331906 0.9118534
1341846666.638072 -0.0886669 -0.2433944 0.0826103 -0.3393594 0.2066457 0.1341029 0.9078266
1341846666.670134 -0.0925736 -0.2579514 0.0922734 -0.3454626 0.2060904 0.1361642 0.9053406
1341846666.738266 -0.1126575 -0.2924583 0.1432061 -0.3612305 0.2102811 0.1329496 0.8986762
1341846668.178208 -0.3887507 -0.0282488 0.0140542 -0.1081648 0.2663264 0.0443247 0.9567685
1341846668.211262 -0.3895457 -0.0535218 0.0261218 -0.1008699 0.2672229 0.0423655 0.9574040
1341846668.246163 -0.3990978 -0.0277463 0.0257067 -0.0831599 0.2711250 0.0398892 0.9581150
1341846668.278397 -0.4082690 -0.0409368 0.0333357 -0.0723177 0.2711757 0.0385922 0.9590331
1341846668.314248 -0.4234908 -0.0268426 0.0563538 -0.0602541 0.2757578 0.0340829 0.9587311
1341846668.346231 -0.4285159 -0.0096751 0.0557070 -0.0503883 0.2786109 0.0343941 0.9584644
1341846668.378099 -0.3958708 -0.0160593 0.0268897 -0.0455516 0.2700896 0.0356429 0.9610963
1341846668.445965 -0.4118513 -0.0452704 0.0322599 -0.0368339 0.2738442 0.0346861 0.9604424
1341846668.478153 -0.4185101 -0.0710408 0.0505854 -0.0270678 0.2735941 0.0331604 0.9608923
1341846668.514213 -0.3981283 -0.0638284 0.0256604 -0.0053015 0.2694320 0.0318661 0.9624774
1341846668.546115 -0.4087475 -0.0239137 0.0339337 0.0076916 0.2720368 0.0269808 0.9618778
1341846668.582467 -0.4078171 -0.0375908 0.0363328 0.0119189 0.2718424 0.0235973 0.9619786
1341846668.614140 -0.4077716 -0.0966131 0.0322781 0.0163442 0.2731535 0.0226627 0.9615646
1341846668.646312 -0.4192213 -0.0486593 0.0342140 0.0345163 0.2738195 0.0168495 0.9610139
1341846668.714133 -0.4157814 -0.0817290 0.0334924 0.0495817 0.2685291 0.0128667 0.9619086
1341846668.746132 -0.4012531 -0.0521875 0.0233245 0.0667113 0.2643570 0.0101848 0.9620609
1341846668.814140 -0.4079177 -0.0827812 0.0082612 0.0627366 0.2646899 0.0092867 0.9622459
1341846668.850214 -0.4083403 -0.0756445 0.0055222 0.0637446 0.2632515 0.0093187 0.9625739
1341846668.950088 -0.4131721 -0.0813356 0.0117551 0.0597010 0.2586201 0.0035374 0.9641260
1341846669.014062 -0.4107352 -0.0618794 0.0031209 0.0484304 0.2541085 -0.0045700 0.9659516
1341846669.350255 -0.4174719 -0.0572720 0.0186683 -0.0062522 0.2371499 -0.0596311 0.9696211
1341846669.450219 -0.4145886 -0.0507564 0.0132953 -0.0253981 0.2318014 -0.0879662 0.9684446
1341846669.518033 -0.4036316 -0.0467104 -0.0075249 -0.0393816 0.2278760 -0.1056205 0.9671432
1341846669.654096 -0.4122098 -0.0493025 -0.0012637 -0.0712631 0.2353168 -0.1394162 0.9592240
1341846669.686069 -0.4061616 -0.0480111 0.0017134 -0.0721875 0.2357286 -0.1447569 0.9582622
1341846669.718075 -0.4009598 -0.0382936 -0.0145234 -0.0746537 0.2356949 -0.1511434 0.9570948
1341846669.754171 -0.4024817 -0.0414773 -0.0132532 -0.0840231 0.2390999 -0.1585357 0.9542735
1341846669.786139 -0.4007885 -0.0383891 0.0016178 -0.0901856 0.2418035 -0.1664904 0.9516715
1341846669.822151 -0.3989373 -0.0379371 0.0027928 -0.0941883 0.2426509 -0.1731219 0.9498831
1341846669.854118 -0.3898653 -0.0297688 -0.0041445 -0.0991469 0.2424645 -0.1788688 0.9483601
1341846669.886219 -0.3907983 -0.0421062 -0.0084083 -0.1098754 0.2438333 -0.1869172 0.9452696
1341846669.922050 -0.4020599 -0.0359159 0.0007137 -0.1133440 0.2473489 -0.1945298 0.9424064
1341846669.954047 -0.4012915 -0.0397705 -0.0103422 -0.1197544 0.2475918 -0.2001958 0.9403610
1341846669.986285 -0.4002032 -0.0334132 -0.0112775 -0.1279330 0.2505234 -0.2069671 0.9370356
1341846670.054135 -0.3915083 -0.0158340 -0.0153753 -0.1346869 0.2554918 -0.2221044 0.9312642
1341846670.090228 -0.3973752 -0.0449020 -0.0152501 -0.1471900 0.2573919 -0.2288659 0.9272028
1341846670.121996 -0.3949980 -0.0500714 -0.0170138 -0.1545762 0.2608500 -0.2391352 0.9224304
1341846670.154057 -0.3977398 -0.0321067 -0.0210037 -0.1580468 0.2663474 -0.2480573 0.9179041
1341846670.190103 -0.3927619 -0.0326767 -0.0117941 -0.1644254 0.2682533 -0.2560328 0.9140305
1341846670.222197 -0.3876678 -0.0531367 -0.0201702 -0.1718303 0.2689310 -0.2662083 0.9095513
1341846670.258571 -0.4001310 -0.0417256 -0.0094834 -0.1743441 0.2774085 -0.2734926 0.9043509
1341846670.290254 -0.4031436 -0.0476355 -0.0082470 -0.1783812 0.2796608 -0.2775719 0.9016229
1341846670.358377 -0.4834149 -0.1526641 -0.0042920 -0.2007789 0.2948940 -0.2867816 0.8890904
1341846670.390114 -0.5030218 -0.2098469 0.0104868 -0.2120531 0.3020088 -0.2906525 0.8828053
1341846670.422206 -0.5178432 -0.1798066 0.0271513 -0.2068560 0.3138219 -0.3016838 0.8761925
1341846670.464003 -0.5055586 -0.2494510 0.0021623 -0.2125044 0.3135427 -0.3088417 0.8724389
1341846670.526271 -0.5654389 -0.2665992 0.0040433 -0.2154728 0.3339823 -0.3204916 0.8598328
1341846670.566977 -0.5728901 -0.1582889 0.0455357 -0.2004769 0.3500360 -0.3341036 0.8518560
1341846670.596103 -0.5535628 -0.1238903 0.0495779 -0.1928321 0.3525797 -0.3427479 0.8491333
1341846670.628412 -0.5107986 -0.0867186 0.0317056 -0.1820214 0.3507465 -0.3460774 0.8509263
1341846670.664027 -0.5119554 -0.0754131 0.0259026 -0.1775509 0.3545124 -0.3529932 0.8474624
1341846670.696002 -0.4994867 -0.0920694 0.0206958 -0.1749226 0.3563305 -0.3602263 0.8441965
1341846670.728093 -0.5494217 -0.1048674 0.0334482 -0.1750838 0.3673062 -0.3664172 0.8367618
1341846670.764128 -0.5524717 -0.1406073 0.0287462 -0.1788272 0.3698337 -0.3733597 0.8317730
1341846670.796059 -0.5978356 -0.0241118 0.0830016 -0.1603881 0.3947272 -0.3795324 0.8212316
1341846670.832246 -0.5943919 -0.0440059 0.0689621 -0.1557932 0.3954483 -0.3827722 0.8202649
1341846670.863970 -0.5338185 -0.0406524 0.0337735 -0.1453462 0.3869844 -0.3808611 0.8270806
1341846670.896139 -0.5441229 -0.0511609 0.0221176 -0.1418244 0.3919137 -0.3839111 0.8239549
1341846670.932028 -0.5234229 -0.0454431 0.0298277 -0.1298760 0.3971615 -0.3836302 0.8235429
