1341846313.686156 0.000000000 0.000000000 0.000000000 0.000000000 0.000000000 0.000000000 1.000000000
1341846313.721918 0.008251420 0.003430001 -0.001322237 0.000074599 -0.001424043 0.000866892 0.999998629
1341846313.753994 0.012295331 0.002719895 0.004113015 -0.000354890 -0.001930818 0.001546776 0.999996901
1341846313.789969 0.022664696 0.001971113 0.005606436 0.000424471 -0.003005536 0.000526321 0.999995232
1341846313.822075 0.033228330 0.010302093 0.003289779 0.001437320 -0.002530460 -0.000420990 0.999995708
1341846313.853928 0.041797075 0.006860472 0.009787031 0.000535531 -0.000766882 -0.001004158 0.999999046
1341846313.890011 0.047177617 0.010687439 0.000617950 0.000723381 0.001295536 -0.000515413 0.999998748
1341846313.922055 0.056984477 0.014999761 0.001746847 -0.000769839 0.000790326 0.000560878 0.999999225
1341846313.957927 0.078580894 0.020905653 0.028905408 -0.001619319 0.003349469 0.000080962 0.999993086
1341846313.990058 0.076801419 0.017077010 0.007052613 -0.003591239 0.010734716 0.003224336 0.999930739
1341846314.022042 0.080967367 0.021368368 0.001807319 -0.005718146 0.012075066 0.004895412 0.999898732
1341846314.057816 0.094951235 0.018665366 0.011152052 -0.009095967 0.013616738 0.005315530 0.999851823
1341846314.089801 0.113421611 0.016335491 0.016059462 -0.008624394 0.017137406 0.007028503 0.999791265
1341846314.122037 0.110394433 0.024618527 0.011748584 -0.009086420 0.021810075 0.010014961 0.999670625
1341846314.157989 0.121458799 0.021314014 0.014808292 -0.011410316 0.024321299 0.010706431 0.999581754
1341846314.190094 0.117512740 0.025534421 0.015136112 -0.010553980 0.029405564 0.011396510 0.999446869
1341846314.225969 0.124097213 0.032374404 0.010380898 -0.012419533 0.031297974 0.014870754 0.999322295
1341846314.257923 0.123504177 0.023528373 0.020710308 -0.015445455 0.033803616 0.014958998 0.999197185
1341846314.290052 0.124902733 0.028824100 0.021284703 -0.013420866 0.035332844 0.012748345 0.999204159
1341846314.325981 0.134364694 0.032503482 0.014504776 -0.013911705 0.036116336 0.011015817 0.999190032
1341846314.357905 0.147159204 0.024825182 0.021066036 -0.015775856 0.037975326 0.010678590 0.999097049
1341846314.389899 0.149203658 0.023058765 0.021621525 -0.014461929 0.041193567 0.010332617 0.998993099
1341846314.427905 0.155493438 0.032108288 0.017897658 -0.013567680 0.042784568 0.008275942 0.998957932
1341846314.493987 0.165905133 0.019944906 0.014502410 -0.013391562 0.052396510 -0.000195695 0.998536527
1341846314.526085 0.177137807 0.022492487 0.006625379 -0.013223849 0.053606372 -0.000649178 0.998474360
1341846314.558292 0.185290724 0.023583068 0.011505190 -0.014141391 0.056164037 -0.001060859 0.998320818
1341846314.594085 0.195127919 0.014010797 0.014328292 -0.013940102 0.060219791 -0.001841880 0.998086095
1341846314.626096 0.181128472 0.023020834 0.002663320 -0.012543951 0.067099087 -0.000452975 0.997667372
1341846314.658455 0.193818748 0.022935359 0.001605077 -0.014602230 0.067865878 -0.001827506 0.997585893
1341846314.694004 0.211000800 0.008059839 0.016064260 -0.016114676 0.070088081 -0.003191815 0.997405529
1341846314.725910 0.209299609 0.000329504 0.016349871 -0.012936522 0.073710978 0.001282961 0.997194886
1341846314.761942 0.222214997 0.009643275 0.017259128 -0.007948019 0.072629444 0.006103688 0.997308671
1341846314.794030 0.232907414 0.006921630 0.008174144 -0.005223107 0.074242599 0.007203941 0.997200549
1341846314.826092 0.254207760 0.013550881 0.007828038 -0.002395344 0.075970121 0.009112224 0.997065604
1341846314.862145 0.246682778 0.018278698 -0.001639057 -0.001749641 0.081507176 0.009543598 0.996625543
1341846314.894072 0.254579246 0.018635005 0.001095921 -0.001892175 0.085136302 0.011140130 0.996305227
1341846314.925969 0.265757799 0.018960141 -0.002829731 -0.002090201 0.086985424 0.015573361 0.996085644
1341846314.961937 0.263682693 0.034722168 -0.004947823 -0.003505851 0.088064805 0.021202378 0.995882869
1341846314.994564 0.281007499 0.025237462 0.003392760 -0.007803632 0.087416559 0.019200783 0.995956182
1341846315.029900 0.282645822 0.024792086 0.003256850 -0.007967254 0.091511533 0.015371515 0.995653510
1341846315.061965 0.296716124 0.025734752 0.010601480 -0.008385942 0.092241384 0.021367293 0.995472074
1341846315.094388 0.301734269 0.023056293 0.018750180 -0.008420083 0.090880625 0.020735458 0.995610297
1341846315.129851 0.304631680 0.018851019 0.008600440 -0.007170316 0.091628954 0.019398700 0.995578408
1341846315.161941 0.300262779 0.042876158 -0.012905542 -0.007241581 0.092734173 0.025801085 0.995330215
1341846315.197984 0.293178499 0.034022741 -0.004964437 -0.015170369 0.092098288 0.019269647 0.995447874
1341846315.230076 0.309866756 0.030576693 -0.002635568 -0.018763900 0.089316688 0.017280795 0.995676577
1341846315.262069 0.308699876 0.037331820 0.005161867 -0.021144982 0.087186992 0.020057661 0.995765567
1341846315.298000 0.311340362 0.028926892 0.013645202 -0.023637071 0.083757475 0.020191770 0.996001124
1341846315.329931 0.319142371 0.006700116 0.021153260 -0.022749599 0.082174905 0.021849962 0.996118605
1341846315.361981 0.325253963 0.016438795 0.007866751 -0.016324498 0.081299305 0.026828844 0.996194839
1341846315.397962 0.345241457 0.018816024 0.008862313 -0.013172314 0.078785971 0.030597840 0.996334791
1341846315.429923 0.362696707 0.019913699 0.013505138 -0.010516492 0.078642666 0.030438580 0.996382535
1341846315.466047 0.375046283 0.030368634 0.005507987 -0.008250331 0.081329763 0.032896351 0.996110022
1341846315.497883 0.374930859 0.024912698 0.008709785 -0.010001026 0.084572583 0.037363030 0.995666325
1341846315.530008 0.373636276 0.026416523 0.008870907 -0.009815522 0.086574838 0.037550397 0.995489061
1341846315.566108 0.381931186 0.031790189 0.012768663 -0.010047603 0.087009117 0.039402686 0.995377243
1341846315.597986 0.381029040 0.028517211 0.014069937 -0.010672756 0.088622704 0.038132846 0.995277882
1341846315.630109 0.383405954 0.027157584 0.011361115 -0.010641972 0.089564182 0.036923006 0.995239556
1341846315.666042 0.389924049 0.034364924 0.007837854 -0.010662338 0.090480849 0.037355598 0.995140254
1341846315.698114 0.376975745 0.045056984 -0.008116141 -0.014499743 0.096332207 0.035548050 0.994608521
1341846315.733985 0.378105462 0.028365934 0.010415845 -0.019075282 0.098312177 0.037780989 0.994255245
1341846315.766041 0.375495911 0.031345066 0.016228646 -0.018392336 0.095856525 0.037683658 0.994511545
1341846315.798188 0.376703918 0.022768803 0.007617876 -0.020618670 0.095296204 0.036255024 0.994574845
1341846315.834140 0.375723064 0.018175224 0.016997352 -0.020073820 0.097482957 0.034389861 0.994440317
1341846315.866751 0.370732933 0.016706454 0.010743476 -0.017706320 0.099503711 0.033234507 0.994324386
1341846315.898492 0.357206285 0.022802677 0.013337940 -0.015764106 0.101819247 0.034338649 0.994085133
1341846315.936901 0.353015304 0.010495045 0.011846088 -0.014257687 0.103661448 0.033073146 0.993960321
1341846315.966572 0.342091739 0.010271689 0.010489978 -0.010717220 0.106149212 0.031704582 0.993786812
1341846316.034204 0.333719373 0.014054636 0.010940753 -0.006515708 0.106016867 0.030617762 0.993871450
1341846316.066113 0.317889154 0.008731698 0.007689089 -0.004555307 0.107619315 0.030254560 0.993721247
1341846316.101867 0.308665454 0.015098905 0.004329696 -0.002677126 0.106606990 0.031780638 0.993789613
1341846316.134066 0.297748923 0.015758242 0.009165756 -0.003558563 0.104074702 0.028778030 0.994146705
1341846316.202049 0.283751488 0.010322127 0.010327071 -0.003508201 0.099695183 0.024710251 0.994704962
1341846316.233979 0.284859449 0.011550379 0.005789340 -0.003070033 0.097848974 0.023162911 0.994926989
1341846316.270052 0.275189757 0.009144815 0.001660138 -0.004674607 0.099617571 0.018874232 0.994835794
1341846316.301915 0.264616072 -0.000042136 0.005716972 -0.005233915 0.101585388 0.017397419 0.994660914
1341846316.334208 0.256130457 0.001622067 0.012936540 -0.003457143 0.100867614 0.019537639 0.994701982
1341846316.370006 0.249750122 -0.001556157 0.011368692 -0.001792271 0.099714100 0.020052817 0.994812429
1341846316.401994 0.243833408 -0.000883770 0.006354328 0.000160098 0.099110812 0.021994343 0.994833291
1341846316.438069 0.239904910 -0.000046666 0.014437646 0.002791473 0.098546036 0.023330854 0.994855046
1341846316.470076 0.229093894 -0.004363709 0.012888964 0.006977906 0.098711394 0.025810895 0.994756877
1341846316.502034 0.223413512 0.007250953 -0.006228443 0.010087946 0.095288418 0.027987028 0.995005071
1341846316.537975 0.211608082 0.007772948 -0.001108196 0.007139394 0.093396455 0.025595492 0.995274305
1341846316.570121 0.207414120 -0.000848689 0.004085705 0.006353338 0.093003511 0.022437174 0.995392621
1341846316.601885 0.199843585 -0.003964291 0.006291177 0.008082668 0.092495874 0.021097016 0.995456696
1341846316.638009 0.188286558 -0.004879063 0.007095087 0.010686414 0.091873989 0.022193952 0.995465875
1341846316.669925 0.188565731 -0.007127909 0.007623531 0.012523560 0.090254918 0.022937279 0.995575726
1341846316.705941 0.177266970 -0.014460556 0.005856067 0.016242843 0.091230839 0.022501407 0.995442986
1341846316.738062 0.170731932 -0.005042295 0.001523424 0.019345008 0.090338506 0.027099863 0.995354354
1341846316.770433 0.156408906 -0.000745239 -0.000020413 0.018797444 0.090671219 0.025729505 0.995370984
1341846316.805932 0.153270990 -0.016841961 0.003398739 0.017535668 0.090360805 0.025170732 0.995436490
1341846316.838029 0.141796768 -0.006446784 0.003031958 0.020307729 0.089369893 0.026159529 0.995447814
1341846316.870034 0.135494277 -0.007755890 0.007236920 0.020731006 0.085341282 0.029375535 0.995702863
1341846316.906344 0.129254639 -0.010339134 0.002416700 0.021595713 0.082404718 0.028077111 0.995969296
1341846316.937940 0.125264689 -0.005360217 -0.000635168 0.021839529 0.080770731 0.025579246 0.996165037
1341846316.973994 0.109264389 -0.009918795 -0.000148294 0.020486563 0.080273859 0.024896426 0.996251225
1341846317.005913 0.105941854 -0.008295098 0.005575908 0.019715317 0.076994494 0.025843272 0.996501505
1341846317.037936 0.099769346 -0.013750711 0.004692106 0.019670771 0.074436568 0.025185956 0.996713519
1341846317.073972 0.095086686 -0.012866222 0.006554406 0.020889746 0.072721146 0.025824863 0.996799052
1341846317.106113 0.086356521 -0.017959584 0.009565923 0.022678595 0.071533307 0.028804384 0.996764243
1341846317.137887 0.079821572 -0.009907112 0.017762132 0.027105108 0.065828450 0.034365728 0.996870518
1341846317.173970 0.064093605 -0.007676652 0.011002314 0.028416306 0.058846384 0.036455452 0.997196376
1341846317.205887 0.062978022 -0.010723785 0.011690704 0.028085910 0.055673871 0.037393641 0.997353196
1341846317.248131 0.041754335 -0.015946561 0.017573077 0.028802145 0.055341892 0.037833560 0.997334659
1341846317.306289 0.041369129 -0.008801234 0.014093991 0.031114712 0.047279015 0.042896736 0.997475028
1341846317.348137 0.042359155 -0.011421937 0.015154615 0.032092553 0.047779586 0.043282282 0.997403502
1341846317.410120 0.018522877 -0.008874351 0.018547604 0.034053989 0.048734780 0.048997633 0.997027814
1341846317.442569 0.019361809 -0.022496480 0.021208359 0.035345424 0.048380364 0.052254133 0.996834755
1341846317.474010 0.000408371 -0.022950981 0.027254073 0.040990967 0.050674424 0.053892579 0.996417284
1341846317.509927 -0.004780764 -0.008541937 0.013242563 0.045311011 0.047783010 0.058299758 0.996124923
1341846317.542282 -0.013856848 -0.006126998 0.020972643 0.044637669 0.045381293 0.058552511 0.996252775
1341846317.573943 -0.007965419 -0.014304755 0.020021234 0.043654591 0.044806816 0.057324741 0.996393740
1341846317.610159 -0.021222992 -0.020300329 0.019590799 0.045720633 0.047696739 0.058080595 0.996123075
1341846317.643553 -0.038838364 -0.014016932 0.015124355 0.048854340 0.047815070 0.060024362 0.995853424
1341846317.677993 -0.052123241 -0.016595339 0.028188985 0.049448371 0.045510843 0.062687345 0.995768011
1341846317.709996 -0.051795095 -0.017987698 0.022974942 0.051880080 0.042032383 0.061777566 0.995854020
1341846317.741834 -0.062821522 -0.007811889 0.020126432 0.052494802 0.041482136 0.060820770 0.995903790
1341846317.777923 -0.080837145 -0.011668523 0.019527679 0.050604790 0.041780643 0.060279340 0.996022046
1341846317.810021 -0.077055305 -0.011388600 0.027123181 0.050338242 0.038363956 0.059086327 0.996244550
1341846317.841886 -0.085213169 -0.007583094 0.022811791 0.049877744 0.037593246 0.056999333 0.996418595
1341846317.878017 -0.100989193 -0.008789056 0.024101824 0.047273077 0.038638752 0.052823480 0.996735632
1341846317.909910 -0.106222264 -0.014111522 0.028361049 0.045986526 0.039996728 0.049270507 0.996924222
1341846317.946031 -0.118637726 -0.015256817 0.031033739 0.047302205 0.041355051 0.050164644 0.996762633
1341846317.978041 -0.125386670 -0.019136833 0.032719359 0.048853952 0.039920054 0.051023923 0.996702671
1341846318.009897 -0.130336553 -0.016057607 0.032197155 0.051612984 0.040200703 0.048705976 0.996668339
1341846318.045949 -0.138475716 -0.013648119 0.025287658 0.051955834 0.041174233 0.047973167 0.996646285
1341846318.078074 -0.153012738 -0.014598643 0.025696702 0.051347177 0.040249091 0.046677630 0.996777117
1341846318.109894 -0.163020402 -0.009807482 0.032668334 0.051465709 0.036229916 0.043987785 0.997047544
1341846318.145957 -0.168107867 -0.012705806 0.032979131 0.050117142 0.034446787 0.041067332 0.997303963
1341846318.178001 -0.174811870 -0.016707746 0.037361704 0.049008355 0.034984805 0.038414661 0.997446001
1341846318.214074 -0.182612062 -0.018637119 0.034059089 0.049920835 0.032560918 0.037855119 0.997504234
1341846318.245970 -0.188889235 -0.024073161 0.045161828 0.052240100 0.027253784 0.037703361 0.997550309
1341846318.278018 -0.200921282 -0.023785090 0.037419327 0.056291465 0.022579923 0.038876612 0.997401595
1341846318.313937 -0.202533320 -0.018579897 0.028065030 0.058913246 0.015150543 0.039017327 0.997385263
1341846318.345989 -0.211733148 -0.024559051 0.023432912 0.059609115 0.006136156 0.037162632 0.997510910
1341846318.382046 -0.229525343 -0.026489682 0.030446235 0.061178707 0.000020596 0.035282545 0.997503042
1341846318.414072 -0.228915974 -0.023980618 0.034278199 0.063464135 -0.006487631 0.037596427 0.997254610
1341846318.446035 -0.242580324 -0.026325798 0.041075964 0.065242536 -0.012723446 0.036631063 0.997115672
1341846318.482196 -0.265424937 -0.029353468 0.032616314 0.065956861 -0.011974292 0.035707373 0.997111499
1341846318.514144 -0.258329421 -0.025121009 0.033060282 0.066754892 -0.015878968 0.037407357 0.996941507
1341846318.546259 -0.267575800 -0.031161407 0.032575458 0.067683175 -0.016325569 0.037127350 0.996882141
1341846318.582042 -0.275497168 -0.024565922 0.030132815 0.069500208 -0.016069274 0.036656659 0.996778727
1341846318.614115 -0.287936866 -0.026645865 0.029784046 0.069030926 -0.016171053 0.036678020 0.996808887
1341846318.650038 -0.293735534 -0.027474556 0.029972391 0.068485729 -0.016773550 0.033392571 0.996951997
1341846318.682350 -0.297334343 -0.021003146 0.039999682 0.068863183 -0.018267317 0.030985726 0.996977448
1341846318.714063 -0.304975539 -0.020360697 0.041704252 0.068457365 -0.019421918 0.030188251 0.997008026
1341846318.749905 -0.311817914 -0.027365830 0.042085059 0.068725377 -0.019352973 0.031688031 0.996944427
1341846318.782036 -0.329862654 -0.022417523 0.040355433 0.070888139 -0.019096557 0.033542495 0.996737182
1341846318.814121 -0.337870389 -0.025021693 0.046138752 0.070833519 -0.024450205 0.032840017 0.996647537
1341846318.850072 -0.350939393 -0.029704709 0.032112181 0.070775345 -0.029177155 0.030197624 0.996608078
1341846318.883516 -0.380244702 -0.041412529 0.014316462 0.073051639 -0.034999266 0.028304927 0.996311843
1341846318.918047 -0.399858415 -0.031063395 0.013067488 0.076924004 -0.046752177 0.028186494 0.995541275
1341846318.950044 -0.388361633 -0.037759401 0.014118884 0.077646732 -0.057425056 0.025124969 0.995008588
1341846318.982028 -0.391432703 -0.029596869 0.027076244 0.080218144 -0.061675578 0.021234164 0.994640768
1341846319.018123 -0.416228056 -0.032765053 -0.010103051 0.078961521 -0.065825284 0.020421823 0.994492352
1341846319.050745 -0.410221398 -0.042976201 0.012078315 0.079693928 -0.073367611 0.021238707 0.993888795
1341846319.081905 -0.407724857 -0.035139576 0.022642512 0.086509213 -0.073409438 0.019592067 0.993349552
1341846319.117976 -0.423440129 -0.031583924 0.018633023 0.088841647 -0.072337747 0.024620824 0.993110359
1341846319.150093 -0.442011118 -0.038133234 0.007189736 0.090261258 -0.076617226 0.031370543 0.992470980
1341846319.186069 -0.431680620 -0.022817802 0.008192964 0.092505105 -0.078256659 0.032213919 0.992109358
1341846319.218149 -0.433810711 0.000952518 0.025724523 0.091127813 -0.074613288 0.030202700 0.992580652
1341846319.250034 -0.448741704 -0.008068184 0.026509110 0.083938740 -0.067365758 0.028477008 0.993783295
1341846319.286594 -0.468869388 -0.016473724 0.048796762 0.082394160 -0.064522617 0.032915521 0.993964076
1341846319.318034 -0.471146494 -0.019279655 0.038648289 0.082845122 -0.063800342 0.036006454 0.993866086
1341846319.350268 -0.482406378 -0.022527501 0.042211398 0.083291747 -0.063200757 0.042503573 0.993610382
1341846319.386163 -0.498556674 -0.027596986 0.025700256 0.085224636 -0.066234678 0.049637519 0.992917836
1341846319.418386 -0.492792308 -0.020206846 0.014662601 0.086663879 -0.073051587 0.049982380 0.992297590
1341846319.453961 -0.501798987 -0.014732780 0.015040286 0.087552570 -0.074109666 0.045992322 0.992334127
1341846319.486271 -0.512868583 -0.019506533 0.005385205 0.085704185 -0.073946357 0.045884192 0.992512643
1341846319.554083 -0.527555466 -0.021774819 0.014841713 0.080613211 -0.080361649 0.044738188 0.992492795
1341846319.586296 -0.538536489 -0.023122448 0.002341583 0.080916762 -0.079312414 0.039652653 0.992768645
1341846319.622031 -0.553575099 -0.024855558 -0.001015097 0.079003766 -0.082448937 0.038319182 0.992719591
1341846319.653962 -0.556140363 -0.028769661 0.019786015 0.078305930 -0.088122115 0.037217822 0.992329299
1341846319.686352 -0.562492847 -0.029655475 0.018638305 0.080006495 -0.091886006 0.038823839 0.991790593
1341846319.721992 -0.570709884 -0.021062408 0.018957987 0.081402905 -0.096154451 0.039498568 0.991245568
1341846319.754063 -0.565015435 -0.013678797 0.006355084 0.077438667 -0.100186817 0.038782511 0.991192102
1341846319.786397 -0.577231407 -0.014550369 0.023817532 0.073920086 -0.098784097 0.043955572 0.991385579
1341846319.822008 -0.578886449 -0.016012168 0.011712372 0.069848254 -0.100449130 0.046926815 0.991377354
1341846319.853917 -0.582902074 -0.015576752 0.012726113 0.064756304 -0.101455539 0.051266935 0.991405606
1341846319.889942 -0.593065619 -0.022826990 0.022381492 0.062253438 -0.100791849 0.056732748 0.991335928
1341846319.922039 -0.601856411 -0.031587318 0.007992402 0.060857277 -0.105004363 0.056661326 0.990989387
1341846319.953946 -0.591668606 -0.032102764 0.018533736 0.061474945 -0.112647176 0.053938795 0.990263641
1341846319.990054 -0.594143391 -0.032644097 0.016758904 0.064103857 -0.115409158 0.046436049 0.990159094
1341846320.028122 -0.600784719 -0.031192187 0.022233814 0.066276856 -0.118329927 0.044548083 0.989757955
1341846320.090047 -0.577279449 -0.023950314 0.020485371 0.071758136 -0.127886549 0.046148125 0.988112450
1341846320.122011 -0.573086977 -0.020479396 0.024489135 0.072797470 -0.125295356 0.047097079 0.988323569
1341846320.157952 -0.564878106 -0.024297111 0.027626202 0.072749242 -0.123056754 0.047073200 0.988609433
1341846320.190003 -0.551367223 -0.030647086 0.036174633 0.075205021 -0.120205663 0.046103694 0.988822162
1341846320.221941 -0.545377731 -0.030529404 0.035067797 0.079293013 -0.116716944 0.046807211 0.988887668
1341846320.258015 -0.534627378 -0.037699379 0.030346125 0.082638748 -0.116074257 0.049936764 0.988536298
1341846320.289887 -0.522514164 -0.045971587 0.035349451 0.087376334 -0.117472202 0.050989192 0.987909794
1341846320.321954 -0.507063031 -0.048009511 0.027166404 0.095784202 -0.119154863 0.050838590 0.986936152
1341846320.357890 -0.494892418 -0.033063456 0.042038463 0.102918342 -0.118799381 0.050970338 0.986253798
1341846320.390064 -0.487530708 -0.032845311 0.043001957 0.104582161 -0.114890032 0.051508226 0.986513913
1341846320.426544 -0.455796599 -0.035550080 0.021113060 0.106701292 -0.108207919 0.047981113 0.987220168
1341846320.458122 -0.450058609 -0.034429174 0.025239453 0.108022891 -0.100508124 0.044190224 0.988066971
1341846320.490186 -0.428491950 -0.039627906 0.041326016 0.111222990 -0.094699070 0.045371313 0.988232255
1341846320.525911 -0.422080249 -0.033676259 0.028062597 0.115394779 -0.086096935 0.042077713 0.988686442
1341846320.558091 -0.414151311 -0.037172772 0.032135405 0.115471087 -0.082665332 0.039532527 0.989075363
1341846320.594093 -0.388355643 -0.038627908 0.044023491 0.116998427 -0.078901514 0.036023624 0.989337265
1341846320.631955 -0.394695669 -0.029876059 0.059007309 0.120390929 -0.070095263 0.035047516 0.989628375
1341846320.664916 -0.379627854 -0.031731784 0.023770653 0.119681887 -0.067490093 0.032706950 0.989975572
1341846320.699927 -0.354590714 -0.035287201 0.045249749 0.120018207 -0.065847613 0.031460039 0.990085900
1341846320.731822 -0.344247073 -0.029750206 0.036183901 0.122344486 -0.058161978 0.030221116 0.990321040
1341846320.763877 -0.358008504 -0.013510779 0.027396958 0.120910361 -0.054613948 0.031282067 0.990666151
1341846320.799999 -0.334294885 -0.026612116 0.050187618 0.112851955 -0.058062311 0.026883341 0.991549551
1341846320.831871 -0.323338598 -0.033147354 0.052531578 0.114114828 -0.053153086 0.021799829 0.991805077
1341846320.863887 -0.334096819 -0.011493588 0.054311808 0.114643782 -0.037212983 0.021934234 0.992467046
1341846320.900014 -0.490585566 -0.013366820 0.058328856 0.109063625 -0.020516995 0.024948092 0.993509829
1341846320.931889 -0.453498483 -0.047563840 0.097693615 0.107121982 -0.023407694 0.029712318 0.993526101
1341846320.967866 -0.303723782 -0.008866928 0.071116909 0.108604968 -0.036726724 0.023236381 0.993134558
1341846321.000017 -0.285082519 -0.019415556 0.034843825 0.101098426 -0.037349049 0.021692486 0.993938446
1341846321.031860 -0.263329089 -0.029203888 0.034633435 0.098843165 -0.037513275 0.020574687 0.994182825
1341846321.068047 -0.259926319 -0.021385301 0.022979641 0.099585466 -0.033275604 0.018028514 0.994309008
1341846321.099840 -0.253077477 -0.020740720 0.032180667 0.097366504 -0.032290701 0.018171763 0.994558632
1341846321.131821 -0.234788686 -0.033470180 0.040345192 0.096917517 -0.030988026 0.020199848 0.994604826
1341846321.167887 -0.226176381 -0.025128782 0.043164838 0.100538239 -0.027281474 0.020229202 0.994353294
1341846321.200042 -0.221978039 -0.020627856 0.039947346 0.101053268 -0.024732672 0.019896802 0.994374514
1341846321.231950 -0.211137667 -0.028761618 0.043021258 0.099909566 -0.024040062 0.019003889 0.994524539
1341846321.267939 -0.195424870 -0.021447066 0.041264046 0.100867584 -0.022446519 0.014463904 0.994541407
1341846321.299948 -0.183794126 -0.030178763 0.038972385 0.098526634 -0.017953461 0.008412027 0.994936883
1341846321.331858 -0.187944189 -0.034666225 0.032542225 0.098426141 -0.014004657 0.004662451 0.995034873
1341846321.367913 -0.155335054 -0.036618311 0.047406998 0.100131273 -0.014118694 0.001212266 0.994873345
1341846321.399897 -0.161848426 -0.035223689 0.030598510 0.101773582 -0.007161531 -0.000611686 0.994781613
1341846321.435994 -0.157709911 -0.040972546 0.034614630 0.102987073 -0.003488835 -0.000991632 0.994676113
1341846321.467946 -0.147346616 -0.037346028 0.037482783 0.105182894 -0.001269881 -0.000034852 0.994452119
1341846321.499882 -0.136870548 -0.034307331 0.038191706 0.106810749 0.001524008 -0.000095439 0.994278133
1341846321.536109 -0.099896863 -0.022897031 0.046867516 0.107693434 0.003851593 -0.002580936 0.994173288
1341846321.568960 -0.125487015 -0.023287935 0.040171523 0.103529312 0.014492573 -0.006149911 0.994501770
1341846321.603938 -0.117950149 -0.027854120 0.042552836 0.100221477 0.016103551 -0.005846708 0.994817674
1341846321.637163 -0.067655154 -0.016842581 0.041640468 0.099255912 0.016393911 -0.006136518 0.994907975
1341846321.668306 -0.100712232 -0.022166140 0.046526160 0.093300551 0.031007979 -0.003232264 0.995149732
1341846321.704411 -0.103959069 -0.022766829 0.052664239 0.090538271 0.031562470 0.005813212 0.995375693
1341846321.736861 -0.097000539 -0.021181803 0.051352300 0.089632437 0.029324342 0.012650703 0.995462716
1341846321.771881 -0.082880750 -0.009629972 0.046568129 0.087505989 0.028778499 0.017411707 0.995595932
1341846321.804114 -0.072876245 -0.011148071 0.052403357 0.083256654 0.030826626 0.020308912 0.995844126
1341846321.836152 -0.070527732 -0.005752151 0.051473215 0.080662578 0.033025779 0.020643493 0.995980263
1341846321.871882 -0.066428840 -0.001876623 0.058382787 0.075474665 0.034370258 0.018138861 0.996390104
1341846321.904074 -0.056172546 -0.000306649 0.059481300 0.069034442 0.034700993 0.014950233 0.996898472
1341846321.939847 -0.055108313 -0.006050005 0.063756391 0.064959191 0.038107730 0.012089802 0.997086704
1341846322.004094 -0.063907996 -0.009023348 0.065429240 0.058037426 0.037086591 0.011558577 0.997558296
1341846322.066178 -0.041704673 -0.017138304 0.063365087 0.052831877 0.040716689 0.009185069 0.997730732
1341846322.107979 -0.047814984 -0.030601377 0.065989040 0.050135225 0.043410882 0.008031268 0.997766256
1341846322.166164 -0.047421061 -0.051801335 0.065960601 0.053170640 0.043070745 0.008536790 0.997619629
1341846322.202932 -0.043493673 -0.052327186 0.061941583 0.055047162 0.040402837 0.009077843 0.997624695
1341846322.234093 -0.043357905 -0.057554789 0.063012622 0.053653691 0.038880154 0.007056084 0.997777462
1341846322.265941 -0.043896526 -0.070033789 0.061307359 0.050650705 0.035822764 0.007513653 0.998045504
1341846322.301996 -0.035316251 -0.081743985 0.067660183 0.049060699 0.033538271 0.007511617 0.998204291
1341846322.333949 -0.046788521 -0.094615117 0.059268147 0.048205141 0.032693002 0.007588348 0.998273432
1341846322.369871 -0.032235935 -0.113372765 0.065366983 0.048132695 0.025830794 0.004599836 0.998496294
1341846322.402292 -0.016199123 -0.123806112 0.058084920 0.049963694 0.026430696 -0.000645827 0.998401046
1341846322.433955 -0.035651937 -0.152779371 0.061791971 0.053122468 0.029810315 -0.006749261 0.998120129
1341846322.470030 -0.028208604 -0.154260010 0.061423484 0.063100420 0.024049766 -0.001309296 0.997716546
1341846322.502433 -0.026433485 -0.174638689 0.054823097 0.067583479 0.021670554 -0.000196940 0.997478247
1341846322.534002 -0.014571000 -0.193995550 0.064341441 0.076182298 0.020063266 0.003367264 0.996886373
1341846322.570196 -0.014666200 -0.195782110 0.064430639 0.086926728 0.020015225 0.005471965 0.995998621
1341846322.601920 -0.031664267 -0.202696413 0.066167831 0.092178211 0.018433355 0.006690541 0.995549440
1341846322.638119 -0.009788872 -0.222677663 0.063450143 0.096558206 0.013628607 0.007459930 0.995206058
1341846322.669947 -0.002100183 -0.223335147 0.064366229 0.101905189 0.016796289 0.006784159 0.994629145
1341846322.702026 -0.014383204 -0.232027516 0.066895977 0.105098955 0.019141657 0.007486137 0.994249344
1341846322.738006 -0.013516320 -0.228343531 0.069589980 0.106972910 0.016414719 0.009159564 0.994084239
1341846322.770087 -0.000879403 -0.252362996 0.073918045 0.106048852 0.016468951 0.009328015 0.994180739
1341846322.806047 -0.014198160 -0.262827545 0.075811401 0.109849334 0.017122852 0.010511240 0.993745148
1341846322.838063 -0.017636418 -0.265745461 0.083024934 0.112112820 0.012877427 0.012001119 0.993539572
1341846322.870081 -0.010325987 -0.286864936 0.082054675 0.113295272 0.007299268 0.013095693 0.993448257
1341846322.906018 0.005303452 -0.287279755 0.081536770 0.118594982 0.004679619 0.014367659 0.992827713
1341846322.938349 0.001311307 -0.275888979 0.083885208 0.119329467 0.006046329 0.015330249 0.992717981
1341846322.970069 0.003455000 -0.283533484 0.082033068 0.114254974 0.005690183 0.016885674 0.993291676
1341846323.011820 0.006225147 -0.294267416 0.086056247 0.112209812 0.006118121 0.017281575 0.993515432
1341846323.073951 0.006260443 -0.296846896 0.088758148 0.109106049 0.005736488 0.021774255 0.993775070
1341846323.105962 0.006178901 -0.313866556 0.090275183 0.106259845 0.006041481 0.021103246 0.994096100
1341846323.138158 0.005265163 -0.314696014 0.090436295 0.106991068 0.006231572 0.017939243 0.994078636
1341846323.174092 0.002033408 -0.314619988 0.092196703 0.105002053 0.005901519 0.016694004 0.994314432
1341846323.206059 0.011317088 -0.321824342 0.091412380 0.101828478 0.004624511 0.014576917 0.994684398
1341846323.238053 0.015082298 -0.325210989 0.095002577 0.099037886 0.007691015 0.012855745 0.994970918
1341846323.273997 -0.001521883 -0.325180858 0.095169052 0.095360860 0.008898020 0.013479991 0.995311737
1341846323.305946 0.007926595 -0.336573571 0.094709381 0.089591376 0.004068314 0.014434870 0.995865762
1341846323.342027 0.028334703 -0.349099845 0.095334895 0.088308685 0.005157319 0.012191312 0.996005177
1341846323.374048 0.007416152 -0.358479857 0.094035991 0.088301249 0.009738447 0.013877432 0.995949507
1341846323.405987 -0.009638404 -0.370647788 0.087019667 0.088054553 0.006650406 0.018800151 0.995916009
1341846323.441956 0.009057439 -0.379482597 0.097626224 0.089300513 0.001056313 0.020861318 0.995785654
1341846323.473878 0.014768332 -0.389881849 0.096319877 0.093538910 0.002307896 0.019570474 0.995420575
1341846323.506129 0.007740761 -0.381071687 0.093448386 0.096576184 0.002436719 0.016934071 0.995178521
1341846323.541972 0.018627428 -0.387695402 0.089714676 0.094246984 0.001932916 0.015008105 0.995433807
1341846323.573913 0.040775321 -0.402254760 0.094721764 0.093441069 0.004940341 0.010419752 0.995558023
1341846323.609927 0.021102725 -0.403943688 0.087981939 0.094150178 0.012610232 0.006305353 0.995458126
1341846323.642014 0.010802187 -0.412228078 0.091786779 0.093015902 0.014257845 0.006548137 0.995540977
1341846323.674081 0.006994152 -0.425153494 0.089193977 0.092784159 0.012692510 0.008835310 0.995566189
1341846323.710069 0.009163612 -0.443244725 0.086809464 0.093778014 0.011402363 0.012977244 0.995443225
1341846323.742111 0.007310241 -0.452204973 0.088610590 0.098597862 0.009544407 0.013658324 0.994987845
1341846323.774928 0.009017008 -0.449006975 0.083425537 0.102137953 0.007216207 0.010749655 0.994685948
1341846323.810012 0.008951256 -0.455577672 0.076039650 0.103597052 0.006295748 0.005950537 0.994581640
1341846323.842207 0.015042849 -0.459986120 0.074841276 0.104727268 0.005865272 0.002430620 0.994480669
1341846323.878019 0.006664690 -0.472436160 0.076349959 0.105138913 0.005645396 -0.001988904 0.994439542
1341846323.909826 0.007489742 -0.483238369 0.072722703 0.108523943 0.004109005 -0.007630880 0.994056046
1341846323.942459 0.006077657 -0.481877327 0.073527448 0.112261198 0.003807006 -0.006842294 0.993647873
1341846323.978055 -0.002073651 -0.484849811 0.067713685 0.114862412 0.001505125 -0.006265640 0.993360519
1341846324.015934 0.009170248 -0.491026670 0.074701905 0.118000865 -0.001405744 -0.005020667 0.992999792
1341846324.047722 0.005873363 -0.478533804 0.064836174 0.122331552 0.000798867 -0.007218528 0.992462754
1341846324.083904 0.008961674 -0.467683166 0.070135161 0.122138076 0.001702380 -0.006999214 0.992486954
1341846324.115968 0.011187562 -0.467365086 0.075418316 0.119887397 0.003279764 -0.008383080 0.992746711
1341846324.151967 0.016702669 -0.461412907 0.061588772 0.119844884 0.006084597 -0.013960857 0.992675781
1341846324.183941 0.015592509 -0.444646060 0.075265668 0.117168278 0.010064907 -0.015688324 0.992937088
1341846324.219984 0.003812747 -0.443772167 0.072560854 0.113018036 0.012879725 -0.016676292 0.993369520
1341846324.251968 0.001369545 -0.444378704 0.075557426 0.112395853 0.013062682 -0.017460411 0.993424237
1341846324.284052 -0.004219666 -0.428825587 0.075093694 0.113256559 0.012511333 -0.017931139 0.993325174
1341846324.319880 -0.010376820 -0.416759282 0.079239346 0.112246349 0.009484432 -0.017697053 0.993477583
1341846324.351917 -0.003773856 -0.400553614 0.076776877 0.108680286 0.005579551 -0.019716198 0.993865550
1341846324.388001 0.009883385 -0.391569525 0.081570759 0.104514845 0.004608160 -0.022019675 0.994268894
1341846324.419908 0.004936044 -0.377100348 0.084973030 0.099844061 0.007081730 -0.024370460 0.994679391
1341846324.452027 -0.002541674 -0.375523150 0.084728919 0.095322371 0.008190564 -0.025671767 0.995081663
1341846324.487928 -0.004994329 -0.372425735 0.085295372 0.093662262 0.007877578 -0.023639238 0.995292187
1341846324.519985 -0.015052420 -0.360256761 0.072096691 0.092683434 0.006439636 -0.018981077 0.995493889
1341846324.556001 -0.014203835 -0.344174623 0.086976521 0.090998195 0.000829814 -0.014284066 0.995748281
1341846324.587888 -0.011467231 -0.327690780 0.088534698 0.087963335 -0.002216780 -0.012362949 0.996044576
1341846324.620086 -0.011036525 -0.326772034 0.086295143 0.085542873 -0.004625869 -0.014867207 0.996212840
1341846324.655955 -0.005679476 -0.311269283 0.089542560 0.084490038 -0.006093328 -0.015787970 0.996280611
1341846324.688082 -0.008166866 -0.308794498 0.102447703 0.083731934 -0.006148969 -0.013928135 0.996371984
1341846324.755922 -0.019401748 -0.274524301 0.084174812 0.085469179 -0.008497856 -0.010654886 0.996247649
1341846324.814016 -0.003207061 -0.239600599 0.101599842 0.080756463 -0.015635697 -0.012580650 0.996531785
1341846324.849979 -0.014031921 -0.232005969 0.108229533 0.074313380 -0.011666173 -0.016035529 0.997037709
1341846324.881924 -0.022525653 -0.225890994 0.109210268 0.071998410 -0.012513171 -0.015287706 0.997209072
1341846324.913902 -0.018012224 -0.216797173 0.112313241 0.070949368 -0.014230966 -0.012103874 0.997304916
1341846324.949999 -0.020252960 -0.219568163 0.116767898 0.070933767 -0.014223869 -0.009372915 0.997335553
1341846324.981922 -0.035833858 -0.215107486 0.108204797 0.075174183 -0.015294309 -0.007130274 0.997027636
1341846325.018013 -0.033859577 -0.202066943 0.102247640 0.079721823 -0.021122908 -0.004804003 0.996581733
1341846325.050079 -0.033960149 -0.184549302 0.098952651 0.081891917 -0.026016392 -0.005700981 0.996285260
1341846325.081901 -0.028170900 -0.167797402 0.104695603 0.081397019 -0.032095570 -0.006938251 0.996140659
1341846325.118531 -0.015401054 -0.153105006 0.104015253 0.076988034 -0.034365531 -0.008209447 0.996405780
1341846325.149933 -0.021772690 -0.153977290 0.110754199 0.070962213 -0.031545408 -0.009905273 0.996930838
1341846325.181925 -0.024053611 -0.146704301 0.109099545 0.068168037 -0.030172668 -0.007532540 0.997189105
1341846325.218055 -0.025882127 -0.139619663 0.110393092 0.065389708 -0.029931618 -0.003594627 0.997404337
1341846325.249811 -0.026568089 -0.130954787 0.114354618 0.063573048 -0.030214777 0.000349075 0.997519672
1341846325.285925 -0.026341880 -0.121357247 0.114566281 0.060923927 -0.030618297 0.003189032 0.997667611
1341846325.317988 -0.013044603 -0.124082446 0.121392116 0.058506820 -0.028897703 0.006199592 0.997849405
1341846325.349844 -0.013564716 -0.130135536 0.127927348 0.060868345 -0.024378907 0.009047075 0.997807026
1341846325.387302 -0.013317974 -0.116637670 0.126595035 0.065851025 -0.021836760 0.011542360 0.997523725
1341846325.417931 -0.003227900 -0.109701097 0.120749623 0.068533503 -0.017555701 0.013478966 0.997403264
1341846325.450747 0.000702553 -0.121147849 0.116715528 0.072423838 -0.008934332 0.014299401 0.997231424
1341846325.485954 -0.014930836 -0.100778311 0.125155047 0.081926718 -0.000971500 0.016937932 0.996493936
1341846325.517875 -0.015827224 -0.085897386 0.136675954 0.086206309 0.001015964 0.020353932 0.996068895
1341846325.553859 -0.012705750 -0.080774844 0.135193482 0.088988870 0.004390756 0.020476636 0.995812416
1341846325.585855 -0.021936290 -0.063555822 0.133411214 0.091793723 0.008032327 0.017597664 0.995590150
1341846325.617990 -0.022229219 -0.042820103 0.136250556 0.088956818 0.009629335 0.016723040 0.995848536
1341846325.653982 -0.025012096 -0.058499373 0.139595702 0.085477747 0.011720163 0.013759160 0.996176124
1341846325.685819 -0.026798209 -0.057931107 0.141211882 0.090807319 0.013221750 0.015229546 0.995664239
1341846325.717857 -0.031156301 -0.041607980 0.144477770 0.095946833 0.014364994 0.021950219 0.995040715
1341846325.754083 -0.031870984 -0.041934967 0.142674327 0.098393984 0.014123060 0.026207179 0.994702160
1341846325.786087 -0.028810201 -0.034881014 0.147499219 0.105183311 0.014450885 0.027767742 0.993960083
1341846325.821856 -0.031078637 -0.015424435 0.144215062 0.109591372 0.016487917 0.028835885 0.993421555
1341846325.853827 -0.040224403 -0.010280376 0.146925211 0.110164382 0.017555455 0.032203145 0.993236423
1341846325.885958 -0.051069349 0.004065154 0.144598305 0.111109987 0.015483303 0.037794977 0.992968440
1341846325.921984 -0.041990440 0.008346651 0.149353877 0.110020943 0.010707236 0.042807441 0.992949247
1341846325.953899 -0.032299586 0.013900962 0.155160114 0.113256276 0.010744259 0.044004876 0.992532670
1341846325.985823 -0.037735626 0.025006894 0.156081215 0.115955524 0.013960712 0.047809131 0.992004871
1341846326.021991 -0.040569808 0.023159437 0.157063916 0.117985457 0.014129416 0.054127455 0.991438389
1341846326.054055 -0.038008593 0.036593281 0.160802037 0.123390980 0.013387321 0.057008706 0.990628839
1341846326.089984 -0.032691196 0.055624347 0.157852903 0.126610428 0.014964773 0.056635171 0.990221322
1341846326.121822 -0.032251064 0.068553433 0.163872972 0.126516744 0.018861353 0.053797062 0.990325034
1341846326.154079 -0.039220378 0.070186585 0.168843925 0.126727059 0.021760734 0.052208968 0.990323663
1341846326.190178 -0.041330885 0.080510087 0.169362038 0.129221007 0.021372331 0.054724209 0.989873946
1341846326.222162 -0.046080276 0.096046180 0.171362013 0.128736302 0.019843852 0.060718603 0.989619374
1341846326.259181 -0.047625013 0.110299341 0.174912035 0.125993505 0.017233841 0.064545535 0.989778996
1341846326.322766 -0.042804290 0.130644396 0.183306187 0.118154131 0.016639149 0.063133501 0.990846515
1341846326.359773 -0.039632060 0.136665434 0.187691748 0.114250392 0.017804597 0.061666533 0.991376340
1341846326.392109 -0.035561316 0.130394921 0.192684010 0.112504266 0.019255269 0.062876463 0.991472960
1341846326.423985 -0.039402239 0.137819797 0.189994901 0.117060483 0.020226041 0.067924261 0.990592718
1341846326.459869 -0.045809425 0.154202491 0.194224566 0.119570144 0.018074019 0.071517244 0.990081608
1341846326.526163 -0.035146736 0.187408209 0.194007546 0.119695075 0.019416325 0.069916956 0.990155399
1341846326.560211 -0.036206041 0.193393111 0.207126305 0.114424765 0.023312584 0.071218275 0.990601540
1341846326.591828 -0.040015295 0.198737770 0.210119352 0.111544438 0.025556481 0.072240829 0.990800679
1341846326.627027 -0.036176424 0.208344042 0.208761349 0.111275077 0.026861781 0.071012221 0.990885258
1341846326.658442 -0.034604240 0.224204764 0.205458328 0.108932510 0.030816698 0.069526389 0.991135776
1341846326.694856 -0.040564857 0.237992048 0.208591402 0.105550796 0.034504391 0.069564968 0.991377413
1341846326.726206 -0.043528553 0.249976203 0.213237345 0.099760063 0.035790566 0.067778341 0.992054999
1341846326.762753 -0.037820734 0.256894708 0.212240249 0.093670905 0.037905209 0.065000355 0.992755711
1341846326.826821 -0.039016262 0.283848673 0.216123343 0.078917041 0.043770283 0.060523484 0.994079053
1341846326.858887 -0.042035617 0.292509586 0.223329008 0.070652865 0.045156073 0.059441872 0.994703889
1341846326.895360 -0.054083943 0.291668355 0.225548446 0.068493269 0.046329360 0.061237931 0.994692028
1341846326.926897 -0.055970594 0.295604885 0.227161363 0.070204884 0.042617463 0.062859781 0.994637489
1341846326.958888 -0.047602195 0.313279182 0.229247183 0.073265612 0.039380468 0.066590123 0.994307339
1341846326.994594 -0.043816242 0.326057941 0.225711942 0.074277975 0.039673395 0.068739474 0.994074285
1341846327.026301 -0.043745734 0.339054108 0.231491223 0.072136015 0.041318264 0.067144334 0.994274020
1341846327.063945 -0.042579673 0.341017336 0.232796147 0.068180919 0.043907989 0.063899338 0.994655907
1341846327.094662 -0.040090032 0.352341473 0.231800422 0.068431862 0.045191240 0.062816978 0.994650126
1341846327.128901 -0.045555949 0.364075720 0.239095122 0.068242460 0.046033464 0.061068460 0.994733393
1341846327.161940 -0.043781221 0.377568662 0.238427132 0.067150988 0.044696413 0.060372416 0.994911134
1341846327.193867 -0.036926541 0.380094320 0.239149928 0.065595768 0.045455370 0.058572028 0.995088100
1341846327.229885 -0.034199726 0.392881125 0.245022818 0.066690058 0.048784167 0.056810077 0.994959891
1341846327.262014 -0.028481562 0.407198250 0.249220878 0.066564053 0.051448256 0.056073379 0.994875908
1341846327.294023 -0.010213556 0.404489815 0.243948668 0.067478374 0.059969347 0.049840286 0.994668961
1341846327.330015 -0.024351969 0.442005724 0.255659431 0.073175840 0.074951887 0.043737091 0.993536413
1341846327.361939 -0.028536532 0.451711982 0.259642065 0.070079744 0.080661193 0.039995808 0.993470132
1341846327.393887 -0.030805524 0.460594267 0.264991403 0.068660796 0.083145969 0.033834763 0.993593335
1341846327.429966 -0.038419522 0.482406139 0.250975192 0.067374147 0.083083987 0.033631086 0.993693531
1341846327.461965 -0.051137023 0.506182909 0.272534251 0.060463928 0.080291085 0.033162024 0.994383097
1341846327.497931 -0.036130924 0.500525117 0.274612159 0.053876128 0.076788321 0.030688897 0.995117605
1341846327.530068 -0.039126109 0.517059743 0.279231668 0.053392887 0.077495277 0.033555239 0.994996309
1341846327.561895 -0.050292008 0.522200406 0.287740350 0.051471159 0.076066099 0.038058780 0.995045841
1341846327.598010 -0.052715521 0.520523369 0.284257412 0.052058440 0.073231399 0.042576827 0.995044887
1341846327.629945 -0.060777642 0.543006957 0.291779160 0.053510740 0.069173500 0.041938908 0.995285273
1341846327.662003 -0.053074673 0.537363887 0.292693138 0.052255593 0.065231606 0.038369536 0.995761991
1341846327.697919 -0.048079513 0.569890559 0.293380767 0.056508686 0.063570976 0.039629433 0.995587766
1341846327.730075 -0.049569763 0.588719368 0.293996036 0.052232657 0.062604681 0.040759116 0.995836854
1341846327.766017 -0.047201719 0.597879767 0.296336681 0.048115857 0.061882760 0.041519996 0.996057987
1341846327.797917 -0.049527071 0.612346947 0.296112239 0.043267448 0.061879262 0.043380279 0.996201277
1341846327.830054 -0.048931301 0.621836483 0.302635163 0.037146065 0.061156694 0.044507958 0.996443212
1341846327.865944 -0.043616544 0.626020908 0.299627990 0.032866161 0.062039804 0.043788087 0.996570885
1341846327.898010 -0.050715670 0.639843822 0.304523021 0.030751180 0.063783035 0.044989936 0.996474802
1341846327.929991 -0.052803308 0.649092197 0.306057274 0.026224880 0.062523872 0.043128122 0.996766269
1341846327.966065 -0.045713823 0.664281189 0.304903209 0.022830242 0.061557360 0.041741464 0.996968985
1341846327.998073 -0.046897672 0.667593837 0.306659698 0.014870609 0.063094363 0.037860215 0.997178257
1341846328.034045 -0.049889993 0.673504114 0.306906700 0.009427269 0.064187758 0.036424387 0.997228324
1341846328.065993 -0.049703773 0.674483359 0.308978975 0.003852705 0.064927533 0.037034474 0.997195065
1341846328.098045 -0.054765411 0.649837255 0.308621258 0.000158360 0.066112682 0.038180094 0.997081399
1341846328.133967 -0.058503360 0.657356620 0.305199891 0.004442852 0.065454282 0.041779183 0.996970654
1341846328.166023 -0.059011232 0.656282067 0.302735597 0.004259799 0.062152147 0.043104153 0.997126341
1341846328.198018 -0.058301784 0.634840131 0.304003030 0.002224242 0.059356444 0.039981917 0.997433364
1341846328.234044 -0.060824957 0.621688724 0.304547489 0.004671775 0.057969011 0.038634468 0.997559607
1341846328.265899 -0.055726685 0.612542510 0.298006952 0.007090991 0.055289712 0.039270792 0.997672558
1341846328.302051 -0.052384876 0.594492018 0.297916412 0.008826154 0.054792758 0.040190097 0.997649550
1341846328.333917 -0.055573240 0.575781941 0.291576624 0.011370867 0.055621933 0.041967060 0.997504711
1341846328.366008 -0.055566810 0.550528228 0.290568054 0.015895516 0.055268172 0.037637644 0.997635305
1341846328.402010 -0.061299920 0.530765057 0.279754788 0.026696892 0.058623511 0.038630895 0.997175097
1341846328.433920 -0.047683723 0.533684731 0.276309937 0.034281328 0.053656552 0.043478351 0.997023284
1341846328.470003 -0.047545686 0.500613511 0.271643549 0.031765193 0.053026713 0.034823496 0.997480035
1341846328.502194 -0.040759973 0.472075552 0.277596265 0.032414157 0.054179419 0.027260667 0.997632563
1341846328.534033 -0.038903598 0.455912918 0.275252879 0.033909574 0.057349503 0.024330063 0.997481406
1341846328.570125 -0.043779701 0.432201445 0.270205647 0.034685925 0.058645155 0.025653431 0.997346222
1341846328.602804 -0.031570300 0.403453588 0.256821632 0.039870571 0.050681371 0.030462461 0.997453690
1341846328.672663 -0.031505123 0.362695634 0.252358466 0.048531275 0.038366601 0.028296582 0.997683287
1341846328.702975 -0.033432100 0.347343564 0.256990075 0.051153824 0.036020912 0.025553184 0.997713804
1341846328.770129 -0.023688681 0.317821115 0.245401233 0.059677023 0.032271314 0.021948989 0.997454524
1341846328.802331 -0.026158089 0.302102804 0.245362729 0.060339093 0.029665476 0.022643965 0.997480035
1341846328.838051 -0.021793304 0.280078053 0.240116104 0.063301727 0.027630406 0.018732676 0.997435987
1341846328.869939 -0.021315113 0.289187789 0.227633730 0.064599313 0.026505359 0.017808927 0.997400224
1341846328.904486 -0.019868631 0.264168769 0.233322099 0.059081536 0.023220163 0.018203575 0.997817039
1341846328.939814 -0.011358963 0.228347123 0.233046591 0.059979744 0.019546932 0.019068226 0.997826040
1341846328.970217 -0.012217620 0.240043119 0.222649902 0.066207424 0.017785236 0.022050999 0.997403622
1341846329.006232 -0.009512968 0.222355276 0.226482570 0.066599458 0.015531258 0.025727548 0.997327149
1341846329.038243 -0.002043262 0.200213149 0.216518030 0.069048576 0.013874015 0.026650654 0.997160733
1341846329.106125 -0.006488847 0.206504762 0.214490712 0.074005559 0.014529112 0.024048455 0.996861994
1341846329.138340 0.000003836 0.186982498 0.210120693 0.074522980 0.012866657 0.023218868 0.996865928
1341846329.169991 -0.004042645 0.183873549 0.207393900 0.076729864 0.012455022 0.020909714 0.996754825
1341846329.208656 0.001765367 0.172646046 0.201639280 0.076983161 0.010978618 0.020397635 0.996763289
1341846329.238169 0.003742662 0.174836829 0.197555974 0.076919302 0.009878231 0.020019645 0.996787369
1341846329.273827 0.003276309 0.158258706 0.194109663 0.074407242 0.009131300 0.021755153 0.996948779
1341846329.306052 0.004182602 0.158254936 0.194904104 0.075635791 0.006490477 0.020536419 0.996902883
1341846329.338104 0.008775418 0.153269276 0.184754372 0.071363688 0.004323333 0.019133862 0.997257471
1341846329.373907 0.012585646 0.132454395 0.186644837 0.067501783 0.003139184 0.018745713 0.997538090
1341846329.405985 0.007395612 0.123429552 0.181373134 0.068959169 0.002665393 0.013857623 0.997519672
1341846329.442057 0.009035784 0.121010065 0.182216734 0.068375386 0.002068550 0.010708541 0.997600019
1341846329.473950 0.005388622 0.105209313 0.174327284 0.066696033 0.001395637 0.004039011 0.997764170
1341846329.506147 0.004192172 0.100552954 0.172298416 0.067209698 -0.000403573 0.001129797 0.997738183
1341846329.542121 0.003991208 0.089275092 0.173772097 0.065356493 -0.003726421 0.001894600 0.997853279
1341846329.574086 0.008522967 0.068865970 0.168169171 0.066715725 -0.006369233 0.000040586 0.997751713
1341846329.606387 0.008443732 0.068315521 0.160598010 0.069564059 -0.006602794 -0.000966597 0.997555196
1341846329.641955 0.006074992 0.064635761 0.156436414 0.069690384 -0.007731632 -0.000544046 0.997538567
1341846329.681570 0.000765162 0.052058339 0.158258364 0.068597212 -0.010207923 -0.000510913 0.997592032
1341846329.748113 0.008985818 0.047034118 0.156186238 0.070747264 -0.010958311 -0.003072367 0.997429371
1341846329.810175 0.006946467 0.023435343 0.156789541 0.068562761 -0.007330746 0.001744154 0.997618318
1341846329.842255 0.002931538 0.013652928 0.155988380 0.070087194 -0.006929961 0.004563777 0.997506380
1341846329.874044 0.002313143 0.008026905 0.153658137 0.071921974 -0.007175391 0.008157953 0.997351110
1341846329.910073 0.002629234 0.012499703 0.148960024 0.072744630 -0.007507379 0.009978076 0.997272432
1341846329.942009 0.003681300 0.008365206 0.152378261 0.067568921 -0.008278401 0.015568267 0.997558773
1341846329.978087 -0.001004032 -0.015278773 0.152440414 0.065078117 -0.008109612 0.016544502 0.997710049
1341846330.016305 0.005263304 -0.009832371 0.141431838 0.067403786 -0.007328826 0.014685944 0.997590780
1341846330.048192 0.000373751 -0.003716733 0.140913993 0.063555948 -0.005702174 0.016316088 0.997828603
1341846330.080418 0.002268768 -0.023381835 0.142735288 0.058762979 -0.006147219 0.018427225 0.998082936
1341846330.115886 0.001852216 -0.040398818 0.144704655 0.061153721 -0.004445888 0.019462539 0.997928679
1341846330.147839 -0.003803626 -0.022251165 0.140203103 0.064745389 -0.003963175 0.020746602 0.997678220
1341846330.181257 -0.000254514 -0.013585066 0.139344946 0.059735883 -0.004999702 0.024584034 0.997898936
1341846330.215852 -0.003866151 -0.028726228 0.138644040 0.052996058 -0.003426309 0.023346912 0.998315871
1341846330.247833 -0.006005927 -0.031869195 0.138388366 0.051504478 -0.002989952 0.022866478 0.998406470
1341846330.283913 -0.007344040 -0.016395051 0.137544453 0.048655100 -0.003725262 0.023908466 0.998522520
1341846330.316011 -0.012343522 -0.034920320 0.133783937 0.041109070 -0.003903222 0.022319939 0.998897731
1341846330.347868 -0.011556776 -0.044454925 0.135889083 0.038923770 -0.005987591 0.022101942 0.998979747
1341846330.383835 -0.006711555 -0.045082554 0.138314068 0.037127480 -0.006844800 0.022260200 0.999039114
1341846330.415934 -0.006864063 -0.061285160 0.139561534 0.036101650 -0.005957372 0.020694131 0.999116063
1341846330.452561 -0.013768694 -0.061338484 0.136855111 0.039065007 -0.005923822 0.019188728 0.999034822
1341846330.483903 -0.016906310 -0.055158570 0.134359211 0.039663680 -0.007522105 0.021724768 0.998948574
1341846330.515970 -0.018148519 -0.063898399 0.135328412 0.037758887 -0.009739148 0.025156599 0.998922706
1341846330.552099 -0.014638860 -0.067797467 0.131550878 0.039153978 -0.011431090 0.027679341 0.998784304
1341846330.583876 -0.017200382 -0.060016755 0.125861257 0.038956184 -0.011465024 0.028162416 0.998778164
1341846330.619992 -0.025156822 -0.048948795 0.123501971 0.034822963 -0.012100716 0.026950642 0.998956740
1341846330.652136 -0.020768758 -0.057046190 0.123809576 0.027800944 -0.014205471 0.025857048 0.999178052
1341846330.683796 -0.025225693 -0.062523589 0.119903341 0.023098061 -0.013478437 0.024434291 0.999343693
1341846330.719991 -0.034249965 -0.080644876 0.116983883 0.019639207 -0.015043524 0.025172278 0.999376953
1341846330.752103 -0.035376351 -0.085696667 0.113200568 0.021166855 -0.019335011 0.029275045 0.999160171
1341846330.787952 -0.040337328 -0.077401012 0.102889299 0.022581497 -0.023691330 0.033091985 0.998916268
1341846330.819823 -0.034756348 -0.079209194 0.106069967 0.022410259 -0.028728493 0.034229703 0.998749614
1341846330.852208 -0.039246682 -0.070095554 0.103194505 0.022454407 -0.029991664 0.034328155 0.998708129
1341846330.914111 -0.038715646 -0.058471039 0.094766572 0.013373846 -0.033655446 0.034687836 0.998741806
1341846330.949903 -0.045891177 -0.070693038 0.096511573 0.009890047 -0.033967365 0.034916956 0.998763859
1341846330.981986 -0.055881832 -0.068344608 0.093409017 0.011269610 -0.037966195 0.035419047 0.998587549
1341846331.014111 -0.051533699 -0.061119873 0.091881104 0.011319445 -0.042201415 0.035507627 0.998413801
1341846331.082139 -0.054550190 -0.066196032 0.083464809 0.012496127 -0.044924412 0.032522805 0.998382628
1341846331.114334 -0.054586984 -0.063355222 0.083338693 0.012419264 -0.047360264 0.031495720 0.998303950
1341846331.149989 -0.050721925 -0.074188367 0.083146505 0.012151694 -0.048429016 0.031048583 0.998269975
1341846331.181954 -0.055350140 -0.072530538 0.076936834 0.015320134 -0.048486240 0.029238185 0.998278260
1341846331.218151 -0.061922058 -0.053468354 0.073421553 0.016484382 -0.051438242 0.030887811 0.998062313
1341846331.249914 -0.047686856 -0.066839360 0.080066025 0.013200558 -0.054184176 0.030283445 0.997984290
1341846331.318141 -0.044348620 -0.065394111 0.076784164 0.023745598 -0.044564132 0.025412099 0.998400927
1341846331.349926 -0.039944582 -0.062415577 0.078987472 0.023006856 -0.042332549 0.024584737 0.998535991
1341846331.382003 -0.010641928 -0.092056789 0.060763065 0.022491278 -0.038543291 0.023207961 0.998734176
1341846331.418008 -0.028560335 -0.072012596 0.085808456 0.032528393 -0.025549529 0.023098107 0.998877168
1341846331.450327 -0.030435883 -0.062864833 0.096398890 0.034795512 -0.021172475 0.023262680 0.998899341
1341846331.486219 -0.040779583 -0.058132119 0.100232728 0.034956809 -0.018285075 0.023570938 0.998943508
1341846331.518344 -0.028923461 -0.058830041 0.103921093 0.033561628 -0.018475743 0.023355838 0.998992860
1341846331.550202 -0.028955856 -0.066402413 0.112969212 0.035740741 -0.013013431 0.020938849 0.999056935
1341846331.586139 -0.035627797 -0.052117914 0.114288367 0.038701605 -0.011716643 0.021768238 0.998944998
1341846331.617931 -0.025641022 -0.050766215 0.121221863 0.037600387 -0.012696046 0.022732928 0.998953581
1341846331.654027 -0.013917932 -0.060733203 0.129399315 0.037464280 -0.010941846 0.023425201 0.998963416
1341846331.686123 -0.027967637 -0.048012421 0.137542084 0.040617205 -0.006600711 0.024508394 0.998852313
1341846331.717954 -0.029491199 -0.036904089 0.144041687 0.037981547 -0.008010008 0.025287470 0.998926282
1341846331.754076 -0.017625025 -0.050781228 0.154893637 0.034932982 -0.008117117 0.023258103 0.999086022
1341846331.785920 -0.018207788 -0.051727310 0.164675564 0.037698738 -0.005077599 0.022318579 0.999026954
1341846331.818053 -0.023532650 -0.038869902 0.175168470 0.039053626 -0.003029863 0.022376623 0.998981953
1341846331.853849 -0.021751260 -0.046880685 0.188085169 0.037229043 -0.002697646 0.021758292 0.999066234
1341846331.885987 -0.013126380 -0.049477093 0.198015615 0.039838422 -0.000657650 0.020062778 0.999004483
1341846331.922014 -0.016781375 -0.039019421 0.206944063 0.042550750 0.002727103 0.018818488 0.998913348
1341846331.954037 -0.005664829 -0.039047927 0.223599449 0.042285051 0.004278610 0.020048672 0.998895228
1341846331.986135 -0.004394456 -0.054818667 0.229050860 0.043194845 0.010494218 0.020094547 0.998809397
1341846332.022364 -0.014574279 -0.060765129 0.244874075 0.049710717 0.016215080 0.020822326 0.998414934
1341846332.054175 -0.018973965 -0.050422516 0.259433568 0.056971181 0.016342197 0.022554593 0.997987211
1341846332.086502 -0.013290889 -0.043651812 0.270898402 0.060073067 0.015748082 0.024225041 0.997775733
1341846332.122051 -0.016580205 -0.040146269 0.286139220 0.062013447 0.017301468 0.022965476 0.997661054
1341846332.153983 -0.021402843 -0.023405334 0.300980151 0.061402019 0.016789369 0.021190662 0.997746885
1341846332.190165 -0.025735624 -0.026825033 0.312423944 0.054113261 0.015716910 0.018224943 0.998244762
1341846332.254145 -0.022415206 -0.043557037 0.338582307 0.053564828 0.015686441 0.016589306 0.998303354
1341846332.289948 -0.024609808 -0.039221723 0.350748181 0.055824555 0.015514608 0.018649463 0.998145819
1341846332.322172 -0.022992371 -0.042810339 0.361514688 0.056045469 0.014889327 0.020309612 0.998110592
1341846332.354003 -0.012732437 -0.047099337 0.368412018 0.058557235 0.016004082 0.018767172 0.997979343
1341846332.390180 -0.011592599 -0.031462051 0.377267629 0.061312366 0.020387465 0.015528269 0.997789562
1341846332.422055 -0.019427489 -0.031154361 0.387760997 0.059021726 0.023527915 0.011610927 0.997911870
1341846332.458114 -0.013292158 -0.036529731 0.397853345 0.058216069 0.025196932 0.008020043 0.997953773
1341846332.489993 -0.021640722 -0.027668647 0.414013594 0.060006455 0.027572060 0.009658833 0.997770369
1341846332.522130 -0.027820945 -0.025932379 0.421057522 0.059279133 0.024291554 0.015308265 0.997828424
1341846332.558114 -0.022428975 -0.028006336 0.427678525 0.059353758 0.018263433 0.022568444 0.997814715
1341846332.589874 -0.017324859 -0.019029886 0.436017871 0.059470776 0.015456267 0.026820561 0.997749984
1341846332.621889 -0.016455863 -0.010722395 0.446372211 0.055529375 0.015542201 0.027883565 0.997946620
1341846332.658202 -0.006555039 -0.015750797 0.459866792 0.051430319 0.015109382 0.027740875 0.998176873
1341846332.690001 -0.007660590 -0.013737667 0.465942889 0.049683578 0.016240582 0.028975097 0.998212516
1341846332.726000 -0.010599753 -0.017073799 0.475657046 0.048512857 0.015485980 0.032901164 0.998160422
1341846332.758386 -0.005474088 -0.017667703 0.484283179 0.048903175 0.012723634 0.034575317 0.998123825
1341846332.789937 0.005745043 -0.008885346 0.489458501 0.048949059 0.012555769 0.033256304 0.998168528
1341846332.825925 0.006697441 -0.010744371 0.503814161 0.046232510 0.015270705 0.031483095 0.998317719
1341846332.857898 0.008408936 -0.011237133 0.511623561 0.047075424 0.016618090 0.031106008 0.998268604
1341846332.894069 0.008750794 0.002257992 0.522240102 0.048046611 0.016514834 0.031356279 0.998216212
1341846332.926029 0.014489694 0.004221637 0.528925300 0.044068594 0.016686020 0.028736731 0.998475730
1341846332.958015 0.016654082 0.007753134 0.535569072 0.041459616 0.018818609 0.026132938 0.998621106
1341846332.994073 0.020083737 0.011212658 0.550804377 0.038829330 0.020186646 0.024602251 0.998738945
1341846333.026545 0.025250040 0.010473341 0.552046180 0.036371153 0.020691467 0.022937305 0.998860776
1341846333.057998 0.031915002 0.013066672 0.561356962 0.035292063 0.022458445 0.022444040 0.998872519
1341846333.094024 0.032556079 0.012495838 0.569315493 0.035665967 0.024281718 0.026019823 0.998729825
1341846333.126095 0.039420340 0.014026672 0.568945825 0.036180314 0.025103515 0.028743794 0.998616338
1341846333.161973 0.044274844 0.024137098 0.577788174 0.035872929 0.027800908 0.029552191 0.998532355
1341846333.195660 0.043124698 0.023534417 0.588002741 0.033085968 0.030372031 0.031486474 0.998494625
1341846333.226331 0.043011792 0.022649731 0.590522468 0.031558603 0.031111564 0.031093834 0.998533547
1341846333.262056 0.046236113 0.030616075 0.597660124 0.029135643 0.031318758 0.029339809 0.998653829
1341846333.294147 0.045252167 0.028159073 0.605225325 0.025328824 0.031738061 0.028126370 0.998779297
1341846333.326100 0.048499148 0.030743813 0.610060811 0.023778997 0.030126270 0.026502809 0.998911679
1341846333.362100 0.051508632 0.039150588 0.609641433 0.021376511 0.029115807 0.025021031 0.999034166
1341846333.394119 0.052791659 0.031489953 0.616458714 0.017560288 0.028036693 0.025469711 0.999128044
1341846333.429974 0.055712976 0.033924825 0.615079522 0.017204827 0.025902743 0.025434218 0.999192774
1341846333.462115 0.062831007 0.030992320 0.619098961 0.016495390 0.025303327 0.024287056 0.999248624
1341846333.494040 0.059489585 0.031769507 0.621610522 0.017493771 0.026826721 0.022645449 0.999230444
1341846333.529953 0.064553857 0.030865792 0.622469544 0.018288998 0.027565559 0.022470981 0.999200046
1341846333.562063 0.060343433 0.035356194 0.623555779 0.019508898 0.030495401 0.023585558 0.999066114
1341846333.594090 0.052439053 0.043467652 0.625736415 0.019083533 0.030421302 0.024606822 0.999051988
1341846333.629994 0.054653518 0.045501165 0.624677241 0.015585048 0.027568962 0.023846915 0.999213874
1341846333.662127 0.054858394 0.042052466 0.622725904 0.012126560 0.026672885 0.023007909 0.999305844
1341846333.697964 0.055972684 0.035059970 0.623330116 0.009827749 0.026761657 0.023515869 0.999316871
1341846333.730092 0.058593798 0.031480551 0.618660331 0.011694949 0.026319368 0.024915515 0.999274611
1341846333.762089 0.057769820 0.033673987 0.613534868 0.013630902 0.027064942 0.025919063 0.999204636
1341846333.798006 0.055012669 0.029958859 0.610431671 0.014682758 0.028048927 0.025773011 0.999166369
1341846333.830055 0.055861525 0.029962847 0.605172634 0.017280137 0.029124573 0.023866428 0.999141395
1341846333.866045 0.051688902 0.032708138 0.600514412 0.018712088 0.030706298 0.022725349 0.999094844
1341846333.897987 0.048609674 0.025940096 0.595540226 0.019783270 0.031117583 0.021144705 0.999096215
1341846333.930099 0.048612125 0.023733484 0.590772808 0.022437036 0.031843290 0.020005979 0.999040723
1341846333.965889 0.046745740 0.026440188 0.586209655 0.024964459 0.032792531 0.020289743 0.998944283
1341846333.997985 0.045247689 0.021080012 0.580014348 0.027232241 0.033814486 0.019768978 0.998861432
1341846334.030076 0.042965308 0.022797208 0.572109401 0.030493839 0.035047911 0.020825680 0.998703182
1341846334.066000 0.035862152 0.022473592 0.568062067 0.032124419 0.035380915 0.022068989 0.998613656
1341846334.097932 0.039406199 0.021479439 0.559212923 0.034082163 0.034814805 0.021897910 0.998572409
1341846334.133884 0.033512644 0.020715591 0.554795265 0.035594866 0.036139473 0.021844143 0.998473704
1341846334.166115 0.024728086 0.021064606 0.547340512 0.035873547 0.035631601 0.022549383 0.998466313
1341846334.198072 0.024835277 0.019774441 0.540240586 0.036234383 0.033899199 0.021807190 0.998530149
1341846334.234097 0.027768156 0.020885698 0.532687187 0.036627617 0.033900823 0.020354003 0.998546362
1341846334.266045 0.023610309 0.019701112 0.528618574 0.036662191 0.035644211 0.021493092 0.998460472
1341846334.297946 0.011425985 0.017902408 0.520471275 0.037914839 0.035242848 0.022432053 0.998407304
1341846334.334036 0.012809360 0.020492438 0.511984825 0.038392641 0.033185173 0.023129413 0.998443663
1341846334.365871 0.013882110 0.022848949 0.504421473 0.038091768 0.032958113 0.021322133 0.998502910
1341846334.401845 0.011660662 0.021967378 0.496312857 0.036822028 0.033838626 0.020505885 0.998538196
1341846334.433864 0.000751466 0.017305180 0.493320823 0.036468145 0.033684444 0.021107635 0.998543859
1341846334.466105 -0.001072455 0.021041699 0.484665662 0.037538599 0.032066207 0.021442231 0.998550355
1341846334.502142 -0.005690722 0.020578161 0.474918634 0.036315281 0.031010501 0.022545200 0.998604655
1341846334.540153 -0.006515263 0.021038871 0.470072299 0.035787549 0.029712755 0.021585632 0.998684406
1341846334.602351 -0.013779644 0.029515505 0.434370816 0.031256597 0.026436657 0.014680351 0.999053836
1341846334.670161 -0.019629311 0.023689989 0.437669605 0.026208311 0.023411524 0.007987376 0.999350369
1341846334.702085 -0.032834947 0.017218288 0.429290175 0.024661297 0.022504238 0.007627937 0.999413431
1341846334.734751 -0.032523777 0.018040119 0.423571974 0.024826204 0.019657977 0.009239496 0.999455750
1341846334.770889 -0.036327049 0.017999925 0.413808137 0.024895262 0.018033134 0.012230212 0.999452591
1341846334.802194 -0.041011877 0.018752666 0.401441365 0.024345480 0.015723169 0.013222327 0.999492466
1341846334.833908 -0.036464594 0.019262880 0.389726549 0.023905935 0.013551124 0.011613265 0.999554873
1341846334.869874 -0.043158393 0.021008782 0.382385522 0.022545464 0.013654416 0.011074251 0.999591231
1341846334.902006 -0.048739821 0.019348783 0.368014753 0.020953763 0.012433496 0.011665565 0.999635100
1341846334.938010 -0.050226223 0.018255025 0.362036079 0.020239128 0.008840704 0.011576789 0.999689043
1341846334.970032 -0.050677195 0.018820599 0.361083776 0.020332996 0.007862020 0.010414329 0.999708116
1341846335.002203 -0.054375809 0.010762402 0.347497433 0.021076903 0.008483326 0.012052163 0.999669194
1341846335.037880 -0.064241320 0.014795173 0.334311336 0.023998989 0.006049447 0.014407747 0.999589860
1341846335.069990 -0.059323415 0.017296163 0.323332787 0.024342872 0.002702345 0.014183369 0.999599397
1341846335.106038 -0.053556170 0.012949061 0.314515173 0.024022965 0.003144575 0.012924577 0.999622881
1341846335.138045 -0.060748588 0.011834395 0.302467585 0.025768807 0.004575527 0.012323598 0.999581516
1341846335.169900 -0.071521319 0.017525189 0.289638728 0.026626641 0.003012272 0.011658482 0.999572933
1341846335.206091 -0.065520339 0.016305521 0.278955698 0.025582466 0.000412170 0.009642332 0.999626100
1341846335.239365 -0.063847937 0.010089324 0.275243133 0.024998441 0.001160096 0.007415454 0.999659300
1341846335.269948 -0.068539910 0.008802007 0.262173921 0.026595565 0.002668174 0.006250375 0.999623179
1341846335.305972 -0.075978376 0.007619820 0.250813752 0.028456071 0.001633823 0.006559184 0.999572217
1341846335.338012 -0.071133718 0.006923003 0.240937099 0.029838303 -0.000297088 0.008077807 0.999522030
1341846335.374005 -0.062323440 -0.008071083 0.229184255 0.032438032 0.000322643 0.009130063 0.999431968
1341846335.406025 -0.066130966 -0.001742966 0.218527779 0.040174767 0.003197796 0.011501347 0.999121368
1341846335.438079 -0.070085920 0.006897127 0.207620740 0.046205815 0.004204715 0.014581550 0.998816669
1341846335.473998 -0.068781585 0.007803140 0.197347209 0.048145987 0.005611464 0.015192865 0.998708963
1341846335.507038 -0.072480224 0.015454559 0.185403317 0.049635753 0.008759789 0.013154726 0.998642325
1341846335.538040 -0.076410472 0.020806646 0.178461164 0.049342953 0.010977472 0.011117157 0.998659670
1341846335.574119 -0.081879802 0.026551602 0.166354463 0.047258969 0.011123193 0.011686311 0.998752356
1341846335.605970 -0.080118202 0.017296895 0.159930721 0.044933204 0.010165634 0.011254710 0.998874843
1341846335.641978 -0.079699539 0.019057134 0.149517953 0.046287704 0.011291087 0.008279553 0.998830020
1341846335.673993 -0.083432905 0.022739489 0.137770966 0.046311695 0.012130051 0.008467487 0.998817503
1341846335.706178 -0.089266479 0.019743038 0.128861070 0.045590844 0.011172492 0.008678345 0.998860002
1341846335.741982 -0.082205452 0.020284694 0.120055757 0.046085563 0.010039710 0.008788863 0.998848379
1341846335.773960 -0.086532101 0.024879258 0.108032525 0.046437405 0.010935800 0.007984425 0.998829424
1341846335.806271 -0.089040734 0.030106070 0.093155339 0.044724453 0.010500511 0.008010093 0.998912036
1341846335.842031 -0.086260006 0.021315239 0.089145057 0.042047337 0.010911667 0.008495582 0.999019921
1341846335.873966 -0.086853445 0.022796787 0.075597830 0.043166649 0.012401764 0.007723370 0.998961091
1341846335.910005 -0.096013740 0.027222762 0.065346994 0.043027062 0.013040183 0.009118352 0.998947144
1341846335.941936 -0.098679438 0.028412256 0.055388793 0.042044867 0.011106223 0.010334748 0.999000490
1341846335.974198 -0.098873883 0.028435787 0.046680450 0.041712984 0.010191298 0.008404135 0.999042273
1341846336.010032 -0.101896681 0.027146792 0.031117707 0.041459903 0.010350177 0.006594408 0.999064803
1341846336.042129 -0.107197866 0.029585812 0.022241263 0.040723201 0.009223111 0.007195801 0.999101996
1341846336.078076 -0.108788475 0.026407454 0.017199311 0.040591795 0.007183708 0.006368455 0.999129713
1341846336.110739 -0.108460851 0.028199410 0.008663640 0.041167997 0.006834633 0.004759584 0.999117494
1341846336.142002 -0.114712410 0.029040800 -0.001703598 0.041017968 0.007184605 0.005836646 0.999115527
1341846336.183953 -0.121631213 0.032590579 -0.011999616 0.040891420 0.004845350 0.006897832 0.999128044
1341846336.241891 -0.118499964 0.031303078 -0.026401369 0.038789291 0.003693531 0.006470678 0.999219596
1341846336.277946 -0.126260862 0.025003312 -0.032436684 0.038640834 0.004538557 0.008226136 0.999208987
1341846336.309977 -0.129299074 0.024154752 -0.043719944 0.041371133 0.001836087 0.011681008 0.999073863
1341846336.346143 -0.129664078 0.029545553 -0.054961674 0.043391742 0.000616056 0.012288905 0.998982370
1341846336.377975 -0.128541201 0.031232549 -0.061171245 0.044372570 0.000647273 0.011738708 0.998945832
1341846336.410032 -0.132134750 0.033553235 -0.073939539 0.045344986 0.001385049 0.011701917 0.998901904
1341846336.446041 -0.135375842 0.037846055 -0.080831483 0.045139346 0.001061601 0.011449261 0.998914480
1341846336.477990 -0.134712681 0.033392370 -0.085006282 0.043668516 0.000921752 0.011404620 0.998980582
1341846336.510056 -0.135465115 0.032627210 -0.089689463 0.044019718 0.001473294 0.012410166 0.998952508
1341846336.546024 -0.140334263 0.033136860 -0.097256958 0.045112208 0.001832339 0.013391842 0.998890460
1341846336.578003 -0.143445969 0.040614139 -0.101416796 0.045278870 0.001580946 0.015120540 0.998858690
1341846336.614020 -0.140107989 0.040645130 -0.103516541 0.044601675 0.001935888 0.014308911 0.998900473
1341846336.645982 -0.144599944 0.043903377 -0.116729178 0.043619398 0.003461984 0.013466408 0.998951495
1341846336.678036 -0.150562897 0.041840073 -0.125658736 0.041739915 0.001919344 0.014574745 0.999020338
1341846336.714024 -0.151736751 0.035030819 -0.116799086 0.042803958 -0.000583615 0.014094067 0.998983860
1341846336.746016 -0.157233790 0.030548658 -0.131079614 0.046294939 -0.002160365 0.015331517 0.998807788
1341846336.778014 -0.162896097 0.036623761 -0.150105581 0.049239546 -0.005721215 0.019043636 0.998589039
1341846336.820006 -0.156195268 0.043938205 -0.155822083 0.050190102 -0.010284704 0.021522429 0.998454750
1341846336.882056 -0.163116708 0.039051406 -0.159599259 0.052565623 -0.012013038 0.020385565 0.998337090
1341846336.914273 -0.180949330 0.031058183 -0.156217352 0.054520339 -0.015567579 0.021932410 0.998150349
1341846336.945998 -0.174529612 0.033077061 -0.153576002 0.061210528 -0.022790035 0.024384717 0.997566700
1341846336.981980 -0.168579191 0.052189142 -0.181855708 0.065092072 -0.026788834 0.022590453 0.997263789
1341846337.014238 -0.167009026 0.056570150 -0.189763799 0.062103841 -0.029665098 0.019845435 0.997431338
1341846337.046017 -0.163922057 0.051630192 -0.187502414 0.059470575 -0.031183789 0.016488601 0.997606575
1341846337.082104 -0.172504306 0.054264180 -0.193278030 0.059113216 -0.030925624 0.012429313 0.997694731
1341846337.114317 -0.175850213 0.052089497 -0.195965305 0.057172243 -0.033205740 0.012289027 0.997736275
1341846337.150037 -0.174158573 0.052381568 -0.196224198 0.055376511 -0.035302814 0.011226528 0.997778118
1341846337.181873 -0.168569535 0.049625799 -0.195595413 0.054912563 -0.035330165 0.008017898 0.997833729
1341846337.214073 -0.171677873 0.055903770 -0.201522067 0.052593384 -0.033563185 0.005316055 0.998037696
1341846337.250087 -0.188725010 0.047961906 -0.203745261 0.049788333 -0.034035988 0.006704994 0.998157144
1341846337.282028 -0.183786228 0.048131555 -0.198452801 0.051130205 -0.038864046 0.010862016 0.997876406
1341846337.317920 -0.174299464 0.056050278 -0.199315473 0.051145364 -0.040803570 0.011071069 0.997795880
1341846337.350018 -0.174791083 0.058774516 -0.199359119 0.049772620 -0.040329713 0.011320125 0.997881770
1341846337.382159 -0.172444955 0.051997915 -0.209285274 0.046436682 -0.039905954 0.008982135 0.998083413
1341846337.417941 -0.177214354 0.041040450 -0.214426741 0.046699010 -0.038819999 0.009221417 0.998111844
1341846337.450137 -0.182947263 0.051457174 -0.214958072 0.048025358 -0.040508214 0.009954548 0.997974753
1341846337.482096 -0.176744878 0.052430324 -0.208529085 0.046353396 -0.041406658 0.011696669 0.997998059
1341846337.518008 -0.179262832 0.040731892 -0.218948051 0.046762865 -0.041546509 0.011417433 0.997976363
1341846337.549978 -0.173573077 0.056506269 -0.229601115 0.047737617 -0.042606801 0.009352806 0.997906983
1341846337.585971 -0.178418845 0.050510369 -0.224200055 0.044653464 -0.042691130 0.008436089 0.998054326
1341846337.617903 -0.173977077 0.036866680 -0.217005789 0.045144260 -0.043426879 0.009115624 0.997994483
1341846337.650141 -0.179280862 0.051651966 -0.214430094 0.048702400 -0.043553919 0.008364952 0.997828245
1341846337.686352 -0.173420981 0.055756152 -0.216086075 0.046986014 -0.043529093 0.008673669 0.997909009
1341846337.718002 -0.170453668 0.046892218 -0.211080164 0.044863984 -0.043379322 0.008978993 0.998010457
1341846337.749920 -0.163768232 0.058317132 -0.213534325 0.044816360 -0.041759044 0.008889165 0.998082519
1341846337.786157 -0.166401342 0.061635874 -0.199170664 0.042087503 -0.038650233 0.007869905 0.998335063
1341846337.817945 -0.162084699 0.055565141 -0.191245958 0.039355569 -0.036879182 0.009802907 0.998496413
1341846337.854071 -0.160207748 0.062296174 -0.196755379 0.038595438 -0.033740468 0.009577183 0.998639226
1341846337.885951 -0.165852934 0.074127927 -0.194794878 0.035798278 -0.031024655 0.007898028 0.998846173
1341846337.918223 -0.166346923 0.065827794 -0.183941826 0.031032091 -0.029632110 0.004895059 0.999067068
1341846337.954120 -0.163587376 0.060078483 -0.184393138 0.028604476 -0.028259611 0.004564586 0.999180853
1341846337.985994 -0.160356984 0.072078973 -0.171570271 0.026763920 -0.027617827 0.004563405 0.999249816
1341846338.018107 -0.158197492 0.069011107 -0.160648048 0.022893025 -0.025939483 0.005883241 0.999384046
1341846338.054055 -0.156649739 0.071113229 -0.154873028 0.020760259 -0.024798598 0.005439643 0.999462128
1341846338.085986 -0.152351439 0.069569863 -0.140679479 0.017152175 -0.021716585 0.005152816 0.999603748
1341846338.121875 -0.153796643 0.065033183 -0.144638598 0.014901808 -0.019316824 0.006931764 0.999678314
1341846338.154089 -0.158289179 0.065691799 -0.138287872 0.014343444 -0.018230934 0.009861401 0.999682307
1341846338.186029 -0.153683633 0.066881508 -0.133231685 0.013158081 -0.019020805 0.012396534 0.999655664
1341846338.222071 -0.145141557 0.072694369 -0.121890321 0.012422438 -0.018284222 0.012202514 0.999681175
1341846338.254107 -0.147322014 0.063949719 -0.110458553 0.010048991 -0.016335007 0.012840022 0.999733627
1341846338.290130 -0.146601260 0.064517371 -0.108531751 0.010540312 -0.016317157 0.014386158 0.999707818
1341846338.321952 -0.143113464 0.072793171 -0.097613633 0.011141773 -0.015515416 0.015729643 0.999693811
1341846338.354022 -0.144015044 0.067229994 -0.089883000 0.010067550 -0.014750065 0.016417662 0.999705732
1341846338.389969 -0.143482283 0.075476922 -0.082229584 0.010190513 -0.013778924 0.016466040 0.999717534
1341846338.422377 -0.142032638 0.071186401 -0.067555599 0.008052099 -0.013466014 0.016715273 0.999737203
1341846338.454010 -0.141446203 0.076427273 -0.057980068 0.007445899 -0.013848090 0.015775925 0.999751925
1341846338.489894 -0.136832848 0.072495006 -0.045562275 0.005604011 -0.014725708 0.016742142 0.999735713
1341846338.522066 -0.132797718 0.068083532 -0.036045246 0.005804786 -0.014728771 0.016377039 0.999740541
1341846338.558058 -0.135872424 0.079524003 -0.031751160 0.006039501 -0.014291519 0.015036964 0.999766588
1341846338.589842 -0.130865872 0.073484868 -0.019521752 0.003352839 -0.014823776 0.014827880 0.999774575
1341846338.622019 -0.123674184 0.069569506 -0.005506211 0.003795136 -0.014356186 0.016446372 0.999754488
1341846338.657984 -0.131402373 0.078448668 -0.002238202 0.004838320 -0.013681309 0.018066138 0.999731481
1341846338.690198 -0.123474441 0.080520831 0.007867608 0.002744359 -0.014939174 0.017536663 0.999730825
1341846338.722454 -0.118412964 0.073093876 0.023332555 0.001477592 -0.014195048 0.018036686 0.999735475
1341846338.757945 -0.124249808 0.085261114 0.028955538 0.002691092 -0.013650193 0.019611575 0.999710858
1341846338.790039 -0.118616685 0.082316920 0.038523912 0.000291717 -0.016180100 0.020011412 0.999668777
1341846338.826048 -0.108576663 0.077043600 0.052767336 0.000130643 -0.015758896 0.019006118 0.999695122
1341846338.858027 -0.116548866 0.085068054 0.056929789 0.000629878 -0.013537586 0.017604202 0.999753177
1341846338.889902 -0.112773038 0.085153960 0.066924684 -0.001903048 -0.014703449 0.016826151 0.999748528
1341846338.925948 -0.103184275 0.078644946 0.078919344 -0.003003754 -0.014604294 0.015652683 0.999766290
1341846338.958108 -0.105089702 0.082701713 0.092240840 -0.002370348 -0.012515294 0.014787385 0.999809504
1341846338.990057 -0.103155687 0.079224117 0.104713410 -0.002397504 -0.012699829 0.015536410 0.999795794
1341846339.025928 -0.095436178 0.077992365 0.120426521 -0.000398629 -0.012166960 0.015821001 0.999800742
1341846339.057939 -0.096093237 0.085920565 0.127590001 0.002914497 -0.009614724 0.015978819 0.999821842
1341846339.093927 -0.102435745 0.096545503 0.130446330 0.002504637 -0.009164222 0.016498547 0.999818742
1341846339.126562 -0.091193825 0.097199082 0.142750993 -0.000875687 -0.011205212 0.015903244 0.999810398
1341846339.157969 -0.085104056 0.093130797 0.156681016 -0.003884571 -0.009023437 0.014294797 0.999849558
1341846339.194113 -0.093444243 0.100992620 0.159029856 -0.004817997 -0.007031537 0.015020558 0.999850869
1341846339.228165 -0.089874223 0.105787113 0.171501502 -0.008139808 -0.009284045 0.017292002 0.999774277
1341846339.257998 -0.076717295 0.100604750 0.189262271 -0.010934739 -0.009576606 0.017482163 0.999741554
1341846339.294132 -0.080816828 0.103152975 0.192794085 -0.011010730 -0.006630768 0.018769965 0.999741197
1341846339.326577 -0.087012693 0.111989312 0.197649837 -0.014390288 -0.007598273 0.022802526 0.999607563
1341846339.362269 -0.075365074 0.107977889 0.211498633 -0.018985562 -0.010670658 0.019326452 0.999575973
1341846339.394725 -0.067873128 0.110343188 0.223497108 -0.019513670 -0.009329172 0.019475682 0.999576330
1341846339.462186 -0.061283071 0.110523470 0.244608030 -0.022908924 -0.010481711 0.018821888 0.999505401
1341846339.496743 -0.047470018 0.104309820 0.251477033 -0.021093454 -0.007984957 0.016863808 0.999603391
1341846339.562052 -0.054704029 0.107345074 0.273616731 -0.019176574 -0.003829577 0.018771108 0.999632537
1341846339.595122 -0.042868774 0.106794588 0.279150963 -0.017130187 -0.003953915 0.017956007 0.999684215
1341846339.632085 -0.040463060 0.108503692 0.291406035 -0.016005004 -0.000245037 0.016124316 0.999741852
1341846339.664568 -0.040252570 0.109339617 0.298770577 -0.015506229 0.002594920 0.013846175 0.999780536
1341846339.698896 -0.038011208 0.108047158 0.306730807 -0.015804047 0.003597324 0.013336541 0.999779701
1341846339.731977 -0.033673976 0.107733712 0.317379504 -0.015536208 0.003614927 0.011747182 0.999803782
1341846339.762241 -0.028309138 0.104602136 0.324954897 -0.015621630 0.004503825 0.011919972 0.999796808
1341846339.797873 -0.030275596 0.104463138 0.329911470 -0.015557503 0.005382284 0.012976318 0.999780297
1341846339.830245 -0.024545891 0.105121717 0.337589473 -0.015690209 0.004424921 0.013528074 0.999775589
1341846339.862015 -0.021597493 0.107106857 0.342264771 -0.015906302 0.004693255 0.013392256 0.999772787
1341846339.897797 -0.015618655 0.102701269 0.351221442 -0.017452082 0.005506181 0.012464172 0.999754846
1341846339.929916 -0.016593248 0.097350195 0.360274881 -0.017858097 0.006843525 0.014025263 0.999718726
1341846339.961960 -0.013905985 0.095049389 0.368071824 -0.016990982 0.006037977 0.015290584 0.999720514
1341846339.997845 -0.007617063 0.096790403 0.372348964 -0.015210498 0.006766119 0.015002536 0.999748886
1341846340.029925 -0.004874053 0.096905679 0.380690426 -0.014438211 0.009087280 0.016598724 0.999716699
1341846340.066044 -0.003186532 0.094951771 0.387370408 -0.012645373 0.010298604 0.017615786 0.999711812
1341846340.098009 -0.001622824 0.095740080 0.389503062 -0.011662688 0.010882614 0.018691976 0.999698043
1341846340.130102 0.001222814 0.096145019 0.394615501 -0.012357543 0.010699121 0.017558567 0.999712229
1341846340.166041 0.007194015 0.091619737 0.399698973 -0.011985991 0.012567499 0.015068177 0.999735594
1341846340.197867 0.006438090 0.096577100 0.407973588 -0.010082977 0.015256570 0.015708333 0.999709368
1341846340.229904 0.004355251 0.100118011 0.414939523 -0.011102229 0.015598921 0.014709370 0.999708474
1341846340.265859 0.012373088 0.092641681 0.422901720 -0.012485192 0.015982468 0.013883648 0.999697924
1341846340.298061 0.012381697 0.091522247 0.432247370 -0.010329967 0.018632667 0.014288897 0.999670923
1341846340.334063 0.008184043 0.103775814 0.439200670 -0.010213126 0.018289560 0.016711567 0.999640942
1341846340.366064 0.018973734 0.095915645 0.445845395 -0.012465489 0.015006791 0.016200539 0.999678433
1341846340.397995 0.023288112 0.094557375 0.449127525 -0.010719802 0.015416185 0.016530428 0.999687076
1341846340.433895 0.020603169 0.095365129 0.448567659 -0.009889162 0.015651217 0.017230885 0.999680161
1341846340.465959 0.020930324 0.093976647 0.456370771 -0.009639652 0.013422026 0.018148649 0.999698699
1341846340.501858 0.027929800 0.094866559 0.455418169 -0.008772652 0.009232751 0.018935064 0.999739587
1341846340.534329 0.031463586 0.096040897 0.455776155 -0.008184187 0.008014766 0.018950894 0.999754786
1341846340.566041 0.036946435 0.091095127 0.458135664 -0.007399009 0.006550580 0.019627176 0.999758542
1341846340.601909 0.041004531 0.090441674 0.451128513 -0.005088736 0.005848145 0.019887118 0.999772131
1341846340.634005 0.042857725 0.096187346 0.444887370 -0.003557764 0.005367263 0.018347898 0.999810934
1341846340.666028 0.047936812 0.094507776 0.447851479 -0.003848570 0.005275493 0.015978687 0.999850988
1341846340.701946 0.053484954 0.090940878 0.447155207 -0.002406513 0.006266665 0.014340231 0.999874651
1341846340.733954 0.056208041 0.094605036 0.440466642 -0.001024097 0.007946512 0.012248861 0.999892890
1341846340.770081 0.054068975 0.095562495 0.443914950 -0.001784288 0.008629289 0.009821991 0.999912977
1341846340.801980 0.059216786 0.092311345 0.443163544 -0.002097426 0.009238772 0.004781347 0.999943674
1341846340.833999 0.059014950 0.098379299 0.441937089 -0.001741818 0.011594494 0.000593812 0.999931097
1341846340.870013 0.057394564 0.097526148 0.438304871 -0.003039299 0.011346958 -0.000729673 0.999930739
1341846340.901955 0.059588928 0.094062433 0.437534809 -0.002532562 0.011030395 -0.001136205 0.999935269
1341846340.933918 0.056843452 0.092355169 0.437736034 -0.000773638 0.011042060 0.001155423 0.999938071
1341846340.970122 0.052894756 0.093750812 0.436061651 0.000759778 0.008692442 0.005037804 0.999949217
1341846341.001922 0.051485129 0.089939550 0.434343308 0.001656240 0.004840108 0.010131474 0.999935567
1341846341.037923 0.059364464 0.094420865 0.428168476 0.003486733 0.001192320 0.014332210 0.999890506
1341846341.070300 0.056912210 0.093381681 0.423236310 0.003617372 0.000822603 0.013980070 0.999895394
1341846341.102028 0.056312915 0.095018148 0.416392416 0.003776741 -0.000497314 0.014310621 0.999890327
1341846341.137982 0.056436822 0.092060715 0.414647460 0.003518600 -0.002293671 0.014154749 0.999890983
1341846341.170048 0.058835689 0.092271142 0.417065054 0.004225921 -0.003311318 0.015958682 0.999858260
1341846341.202110 0.058592513 0.087296434 0.418119371 0.005003773 -0.003385639 0.017189499 0.999834001
1341846341.237996 0.059807930 0.090378359 0.414786220 0.007187673 -0.003424963 0.018057695 0.999805272
1341846341.269883 0.058109172 0.090679504 0.413232595 0.008433026 -0.002642670 0.018212572 0.999795079
1341846341.306107 0.057754964 0.091001682 0.408680171 0.008918283 -0.003334045 0.017821290 0.999795854
1341846341.338109 0.058554199 0.089668378 0.407304406 0.009596842 -0.002896677 0.015810082 0.999824762
1341846341.370120 0.058026705 0.090206072 0.404042244 0.010212689 -0.001575821 0.013137083 0.999860287
1341846341.406074 0.053066440 0.090114027 0.406054765 0.010329893 -0.000831674 0.012031990 0.999873936
1341846341.438113 0.051587917 0.083422199 0.406709820 0.010836408 -0.002295198 0.012189075 0.999864340
1341846341.470024 0.057930626 0.085160822 0.400833249 0.013769957 -0.003363276 0.010636104 0.999842942
1341846341.506077 0.052472293 0.092046395 0.400897950 0.014374721 -0.001837157 0.009699614 0.999847949
1341846341.538156 0.049581956 0.087683663 0.396955729 0.013063342 -0.003196225 0.009476786 0.999864638
1341846341.574016 0.049460959 0.088858686 0.400245160 0.014139485 -0.005571428 0.010677381 0.999827504
1341846341.612466 0.049114317 0.091824293 0.392544836 0.014951809 -0.006205196 0.011442087 0.999803483
1341846341.643972 0.048654530 0.092478268 0.396756113 0.014144149 -0.007437398 0.010270375 0.999819577
1341846341.679982 0.046079710 0.088604361 0.395239115 0.013524628 -0.008616404 0.010412428 0.999817193
1341846341.712332 0.044151396 0.093596056 0.394424975 0.014695937 -0.010688229 0.013523346 0.999743462
1341846341.744185 0.046031717 0.089598954 0.392567277 0.014694584 -0.012924545 0.015606411 0.999686718
1341846341.780061 0.047105163 0.091481909 0.384101152 0.015211243 -0.013514931 0.017142246 0.999646008
1341846341.842595 0.049084846 0.085799478 0.384940803 0.017033391 -0.014619597 0.021860586 0.999508977
1341846341.906227 0.051284216 0.082385905 0.381029248 0.020270476 -0.015480822 0.027117690 0.999306798
1341846341.942069 0.051028926 0.075701199 0.378283262 0.022762228 -0.015189716 0.028405387 0.999221861
1341846341.974775 0.051913023 0.078460753 0.374237180 0.026750751 -0.015653720 0.030605476 0.999050915
1341846342.010161 0.048909184 0.079789832 0.370299131 0.027531236 -0.016622368 0.032122832 0.998966396
1341846342.042024 0.055576354 0.072725669 0.367688119 0.028482934 -0.017900281 0.032290693 0.998912215
1341846342.080032 0.056566317 0.077086814 0.371426731 0.031174049 -0.015740555 0.032629758 0.998857200
1341846342.112265 0.053289145 0.074143253 0.366832346 0.031195201 -0.014699358 0.034090195 0.998823643
1341846342.147954 0.052230209 0.068452485 0.370317638 0.032799706 -0.015651617 0.036403354 0.998676121
1341846342.179852 0.056742374 0.071564719 0.366840720 0.036205593 -0.015569908 0.037327446 0.998525620
1341846342.211848 0.054742046 0.072872683 0.362024069 0.036830217 -0.014919458 0.037974089 0.998488307
1341846342.247920 0.056572109 0.067794248 0.360593766 0.037294045 -0.014889275 0.036692291 0.998519480
1341846342.279870 0.058002993 0.069673136 0.357591987 0.039134707 -0.014504334 0.036860730 0.998448491
1341846342.316068 0.056525439 0.067440704 0.360387355 0.040269788 -0.014148796 0.037711333 0.998376727
1341846342.347894 0.059251208 0.071120128 0.356370658 0.041008934 -0.014435262 0.037996672 0.998331666
1341846342.379953 0.061645258 0.069795549 0.356781006 0.040967390 -0.014116626 0.037721142 0.998348415
1341846342.416195 0.057341903 0.070383832 0.356772482 0.041727576 -0.013412186 0.038965158 0.998278856
