1341846313.686156 0.0000000 0.0000000 0.0000000 0.0000000 0.0000000 0.0000000 1.0000000
1341846313.721918 0.0082514 0.0034300 -0.0013222 0.0000746 -0.0014240 0.0008669 0.9999986
1341846313.853928 0.0417971 0.0068605 0.0097870 0.0005355 -0.0007669 -0.0010042 0.9999990
1341846314.493987 0.1659051 0.0199449 0.0145024 -0.0133916 0.0523965 -0.0001957 0.9985365
1341846314.526085 0.1771378 0.0224925 0.0066254 -0.0132238 0.0536064 -0.0006492 0.9984744
1341846314.558292 0.1852907 0.0235831 0.0115052 -0.0141414 0.0561640 -0.0010609 0.9983208
1341846315.197984 0.2931785 0.0340227 -0.0049644 -0.0151704 0.0920983 0.0192696 0.9954479
1341846316.870034 0.1354943 -0.0077559 0.0072369 0.0207310 0.0853413 0.0293755 0.9957029
1341846319.953946 -0.5916687 -0.0321028 0.0185338 0.0614749 -0.1126472 0.0539388 0.9902636
1341846319.990054 -0.5941435 -0.0326441 0.0167589 0.0641039 -0.1154092 0.0464361 0.9901592
1341846320.028122 -0.6007847 -0.0311922 0.0222339 0.0662769 -0.1183299 0.0445481 0.9897580
1341846320.900014 -0.4905856 -0.0133668 0.0583289 0.1090636 -0.0205170 0.0249481 0.9935098
1341846322.433955 -0.0356519 -0.1527794 0.0617920 0.0531225 0.0298103 -0.0067493 0.9981201
1341846322.502433 -0.0264335 -0.1746387 0.0548231 0.0675835 0.0216706 -0.0001969 0.9974782
1341846326.726206 -0.0435286 0.2499762 0.2132373 0.0997601 0.0357906 0.0677783 0.9920549
1341846327.262014 -0.0284816 0.4071983 0.2492209 0.0665641 0.0514483 0.0560734 0.9948759
1341846327.294023 -0.0102136 0.4044898 0.2439487 0.0674784 0.0599694 0.0498403 0.9946690
1341846327.330015 -0.0243520 0.4420058 0.2556594 0.0731758 0.0749519 0.0437371 0.9935364
1341846327.361939 -0.0285365 0.4517120 0.2596421 0.0700797 0.0806612 0.0399958 0.9934701
1341846327.461965 -0.0511370 0.5061829 0.2725343 0.0604639 0.0802911 0.0331620 0.9943831
1341846327.497931 -0.0361309 0.5005251 0.2746121 0.0538761 0.0767883 0.0306889 0.9951177
1341846327.530068 -0.0391261 0.5170598 0.2792317 0.0533929 0.0774953 0.0335552 0.9949963
1341846327.561895 -0.0502920 0.5222005 0.2877404 0.0514712 0.0760661 0.0380588 0.9950458
1341846327.598010 -0.0527155 0.5205235 0.2842574 0.0520584 0.0732314 0.0425768 0.9950449
1341846327.629945 -0.0607776 0.5430068 0.2917792 0.0535107 0.0691735 0.0419389 0.9952853
1341846327.697919 -0.0480795 0.5698905 0.2933808 0.0565087 0.0635710 0.0396294 0.9955878
1341846327.730075 -0.0495698 0.5887194 0.2939960 0.0522327 0.0626047 0.0407591 0.9958369
1341846327.766017 -0.0472017 0.5978798 0.2963367 0.0481159 0.0618828 0.0415200 0.9960580
1341846327.797917 -0.0495271 0.6123470 0.2961122 0.0432674 0.0618793 0.0433803 0.9962013
1341846327.898010 -0.0507157 0.6398438 0.3045230 0.0307512 0.0637830 0.0449899 0.9964748
1341846327.929991 -0.0528033 0.6490921 0.3060573 0.0262249 0.0625239 0.0431281 0.9967663
1341846327.966065 -0.0457138 0.6642812 0.3049032 0.0228302 0.0615574 0.0417415 0.9969690
1341846327.998073 -0.0468977 0.6675939 0.3066597 0.0148706 0.0630944 0.0378602 0.9971783
1341846328.034045 -0.0498900 0.6735040 0.3069067 0.0094273 0.0641878 0.0364244 0.9972283
1341846328.065993 -0.0497038 0.6744834 0.3089790 0.0038527 0.0649275 0.0370345 0.9971951
1341846328.098045 -0.0547654 0.6498373 0.3086213 0.0001584 0.0661127 0.0381801 0.9970814
1341846328.133967 -0.0585034 0.6573566 0.3051999 0.0044429 0.0654543 0.0417792 0.9969707
1341846328.166023 -0.0590112 0.6562821 0.3027356 0.0042598 0.0621521 0.0431042 0.9971263
1341846328.234044 -0.0608250 0.6216888 0.3045475 0.0046718 0.0579690 0.0386345 0.9975596
1341846328.302051 -0.0523849 0.5944920 0.2979164 0.0088262 0.0547928 0.0401901 0.9976496
1341846328.366008 -0.0555668 0.5505283 0.2905681 0.0158955 0.0552682 0.0376376 0.9976353
1341846328.402010 -0.0612999 0.5307651 0.2797548 0.0266969 0.0586235 0.0386309 0.9971751
1341846328.470003 -0.0475457 0.5006135 0.2716435 0.0317652 0.0530267 0.0348235 0.9974800
1341846328.502194 -0.0407600 0.4720755 0.2775963 0.0324142 0.0541794 0.0272607 0.9976326
1341846328.534033 -0.0389036 0.4559129 0.2752529 0.0339096 0.0573495 0.0243301 0.9974815
1341846328.570125 -0.0437797 0.4322015 0.2702057 0.0346859 0.0586452 0.0256534 0.9973462
1341846328.602804 -0.0315703 0.4034535 0.2568216 0.0398706 0.0506814 0.0304625 0.9974536
1341846328.672663 -0.0315051 0.3626957 0.2523585 0.0485313 0.0383666 0.0282966 0.9976833
1341846328.802331 -0.0261581 0.3021028 0.2453627 0.0603391 0.0296655 0.0226440 0.9974800
1341846330.719991 -0.0342500 -0.0806449 0.1169839 0.0196392 -0.0150435 0.0251723 0.9993770
1341846332.489993 -0.0216407 -0.0276686 0.4140136 0.0600065 0.0275721 0.0096588 0.9977704
1341846332.621889 -0.0164559 -0.0107224 0.4463723 0.0555294 0.0155422 0.0278836 0.9979466
1341846332.726000 -0.0105998 -0.0170738 0.4756571 0.0485129 0.0154860 0.0329012 0.9981604
1341846332.758386 -0.0054741 -0.0176677 0.4842832 0.0489032 0.0127236 0.0345753 0.9981238
1341846332.894069 0.0087508 0.0022580 0.5222402 0.0480466 0.0165148 0.0313563 0.9982162
1341846332.926029 0.0144897 0.0042217 0.5289253 0.0440686 0.0166860 0.0287367 0.9984757
1341846333.026545 0.0252500 0.0104733 0.5520462 0.0363712 0.0206915 0.0229373 0.9988608
1341846333.057998 0.0319150 0.0130667 0.5613570 0.0352921 0.0224584 0.0224440 0.9988725
1341846333.161973 0.0442748 0.0241371 0.5777882 0.0358729 0.0278009 0.0295522 0.9985324
1341846333.226331 0.0430118 0.0226497 0.5905225 0.0315586 0.0311116 0.0310938 0.9985335
1341846333.294147 0.0452522 0.0281591 0.6052254 0.0253288 0.0317381 0.0281264 0.9987793
1341846333.326100 0.0484991 0.0307438 0.6100607 0.0237790 0.0301263 0.0265028 0.9989117
1341846333.494040 0.0594896 0.0317695 0.6216105 0.0174938 0.0268267 0.0226454 0.9992304
1341846333.594090 0.0524391 0.0434676 0.6257365 0.0190835 0.0304213 0.0246068 0.9990520
1341846333.629994 0.0546535 0.0455012 0.6246773 0.0155850 0.0275690 0.0238469 0.9992139
1341846333.730092 0.0585938 0.0314806 0.6186603 0.0116949 0.0263194 0.0249155 0.9992746
1341846333.830055 0.0558615 0.0299628 0.6051726 0.0172801 0.0291246 0.0238664 0.9991414
1341846333.930099 0.0486121 0.0237335 0.5907726 0.0224370 0.0318433 0.0200060 0.9990407
1341846335.002203 -0.0543758 0.0107624 0.3474974 0.0210769 0.0084833 0.0120522 0.9996692
1341846335.374005 -0.0623234 -0.0080711 0.2291843 0.0324380 0.0003226 0.0091301 0.9994320
1341846335.406025 -0.0661310 -0.0017430 0.2185278 0.0401748 0.0031978 0.0115013 0.9991214
1341846335.741982 -0.0822055 0.0202847 0.1200558 0.0460856 0.0100397 0.0087889 0.9988484
1341846335.773960 -0.0865321 0.0248793 0.1080325 0.0464374 0.0109358 0.0079844 0.9988294
1341846335.806271 -0.0890407 0.0301061 0.0931553 0.0447245 0.0105005 0.0080101 0.9989120
1341846336.277946 -0.1262608 0.0250033 -0.0324367 0.0386408 0.0045386 0.0082261 0.9992090
1341846336.746016 -0.1572338 0.0305487 -0.1310796 0.0462949 -0.0021604 0.0153315 0.9988078
1341846336.882056 -0.1631167 0.0390514 -0.1595992 0.0525656 -0.0120130 0.0203856 0.9983371
1341846338.186029 -0.1536836 0.0668815 -0.1332317 0.0131581 -0.0190208 0.0123965 0.9996557
1341846338.222071 -0.1451416 0.0726944 -0.1218903 0.0124224 -0.0182842 0.0122025 0.9996812
1341846338.354022 -0.1440150 0.0672300 -0.0898830 0.0100675 -0.0147501 0.0164177 0.9997057
1341846338.454010 -0.1414462 0.0764273 -0.0579801 0.0074459 -0.0138481 0.0157759 0.9997519
1341846338.522066 -0.1327977 0.0680835 -0.0360452 0.0058048 -0.0147288 0.0163770 0.9997405
1341846338.558058 -0.1358724 0.0795240 -0.0317512 0.0060395 -0.0142915 0.0150370 0.9997666
1341846338.622019 -0.1236742 0.0695695 -0.0055062 0.0037951 -0.0143562 0.0164464 0.9997545
1341846338.722454 -0.1184130 0.0730939 0.0233326 0.0014776 -0.0141950 0.0180367 0.9997355
1341846338.757945 -0.1242498 0.0852611 0.0289555 0.0026911 -0.0136502 0.0196116 0.9997109
1341846338.826048 -0.1085767 0.0770436 0.0527673 0.0001306 -0.0157589 0.0190061 0.9996951
1341846338.858027 -0.1165489 0.0850680 0.0569298 0.0006299 -0.0135376 0.0176042 0.9997532
1341846338.958108 -0.1050897 0.0827017 0.0922408 -0.0023703 -0.0125153 0.0147874 0.9998095
1341846338.990057 -0.1031557 0.0792241 0.1047134 -0.0023975 -0.0126998 0.0155364 0.9997958
1341846339.326577 -0.0870127 0.1119893 0.1976499 -0.0143903 -0.0075983 0.0228025 0.9996076
1341846339.632085 -0.0404631 0.1085037 0.2914061 -0.0160050 -0.0002450 0.0161243 0.9997419
1341846339.664568 -0.0402526 0.1093396 0.2987705 -0.0155062 0.0025949 0.0138462 0.9997805
1341846339.698896 -0.0380112 0.1080472 0.3067308 -0.0158040 0.0035973 0.0133365 0.9997797
1341846339.797873 -0.0302756 0.1044631 0.3299115 -0.0155575 0.0053823 0.0129763 0.9997803
1341846339.830245 -0.0245459 0.1051217 0.3375894 -0.0156902 0.0044249 0.0135281 0.9997756
1341846339.997845 -0.0076171 0.0967904 0.3723490 -0.0152105 0.0067661 0.0150025 0.9997489
1341846340.465959 0.0209303 0.0939766 0.4563708 -0.0096397 0.0134220 0.0181486 0.9996987
1341846340.770081 0.0540690 0.0955625 0.4439150 -0.0017843 0.0086293 0.0098220 0.9999129
1341846341.406074 0.0530664 0.0901140 0.4060548 0.0103299 -0.0008317 0.0120320 0.9998739
1341846342.211848 0.0547420 0.0728727 0.3620241 0.0368302 -0.0149195 0.0379741 0.9984883
