1341846649.952612 0.0000000 0.0000000 0.0000000 0.0000000 0.0000000 0.0000000 1.0000000
1341846650.014156 0.0142255 -0.0111872 -0.0016756 0.0010789 -0.0048525 0.0079242 0.9999563
1341846650.046184 0.0301693 -0.0002120 0.0033417 0.0039799 -0.0090859 0.0080325 0.9999185
1341846650.214164 0.0695601 0.0003374 0.0046429 0.0152109 -0.0112057 0.0073607 0.9997944
1341846650.350453 0.0888692 -0.0138733 -0.0017721 0.0138706 -0.0077861 0.0001671 0.9998735
1341846650.550746 0.1044746 -0.0306916 0.0462242 0.0165464 0.0166851 -0.0062244 0.9997045
1341846650.818115 0.0012818 -0.0333004 0.0489747 0.0251671 0.0792694 -0.0154322 0.9964160
1341846650.886238 -0.0463210 0.0125536 0.0505011 0.0312741 0.0999354 -0.0260492 0.9941611
1341846650.950233 -0.0509795 -0.0259284 0.0518328 0.0261939 0.1154974 -0.0113642 0.9928973
1341846650.986247 -0.0322756 -0.0270775 0.0760016 0.0258080 0.1224110 -0.0082334 0.9921097
1341846652.594254 -0.6978418 -0.0683176 0.2692938 0.0962169 0.3927087 0.0159422 0.9144769
1341846652.626356 -0.6946809 -0.0679321 0.2775348 0.0980029 0.4026764 0.0167121 0.9099274
1341846652.662152 -0.7102025 -0.0602592 0.2457535 0.0963096 0.4156215 0.0113659 0.9043528
1341846652.694113 -0.7048801 -0.0623031 0.2483794 0.0923714 0.4402665 0.0095624 0.8930517
1341846652.726378 -0.6916212 -0.0684486 0.2559996 0.0931758 0.4652731 0.0104024 0.8801880
1341846652.762129 -0.7052373 -0.0615853 0.2486133 0.0922051 0.4887227 0.0101939 0.8674932
1341846652.794152 -0.7115147 -0.0623034 0.2518319 0.0872896 0.5175143 0.0102198 0.8511493
1341846652.830250 -0.7451401 -0.0981484 0.3302518 0.0809895 0.5532016 0.0117008 0.8290186
1341846652.862014 -0.7479707 -0.0974494 0.3330107 0.0807800 0.5674243 0.0158480 0.8193004
1341846652.930346 -0.7338892 -0.1000572 0.3288351 0.0824949 0.5968205 0.0241751 0.7977565
1341846653.030292 -0.7334284 -0.1006688 0.3286926 0.0759518 0.6337934 0.0316269 0.7691144
1341846653.062672 -0.7363545 -0.1008558 0.3297209 0.0791552 0.6454339 0.0345859 0.7589159
1341846653.162620 -0.7489228 -0.0995085 0.3306682 0.0729581 0.6834218 0.0402765 0.7252514
1341846653.366319 -0.7753956 -0.1212157 0.4250295 0.0724761 0.7465858 0.0621188 0.6584057
1341846653.430060 -0.7637326 -0.1133606 0.4586842 0.0775608 0.7612427 0.0669391 0.6403226
1341846653.598213 -0.7717571 -0.1065510 0.4602038 0.0777228 0.7715669 0.0615477 0.6283754
1341846653.698738 -0.8177941 -0.0948077 0.4221652 0.0774677 0.7637674 0.0629700 0.6377248
1341846653.802358 -0.8354761 -0.0893817 0.4070106 0.0758393 0.7517185 0.0668271 0.6516915
1341846653.902170 -0.8321151 -0.1004079 0.4167069 0.0739226 0.7346160 0.0694399 0.6708598
1341846653.966155 -0.8271398 -0.0972212 0.4322331 0.0712737 0.7248442 0.0689412 0.6817391
1341846654.070172 -0.8235394 -0.0897382 0.4043128 0.0690228 0.6998969 0.0685153 0.7075915
1341846654.170244 -0.8153155 -0.0913631 0.3973196 0.0811523 0.6705642 0.0634300 0.7346663
1341846654.302117 -0.7577048 -0.0744244 0.4029673 0.0857296 0.6287279 0.0489808 0.7713316
1341846662.010311 -0.4269185 -0.0780018 0.1120353 0.1563248 0.2944365 -0.0154183 0.9426728
1341846662.178168 -0.4304072 -0.0811729 0.1050736 0.1904012 0.2917988 -0.0254789 0.9369907
1341846662.314144 -0.4291268 -0.0736580 0.1059027 0.2219970 0.2937630 -0.0328595 0.9291614
1341846662.414229 -0.4276226 -0.0730358 0.1008827 0.2391790 0.2924010 -0.0358742 0.9252071
1341846663.018208 -0.4281033 -0.0897926 0.1034045 0.2948252 0.2814187 -0.0457986 0.9120220
1341846666.202327 -0.4524157 0.0384844 0.0837621 -0.1963954 0.3196689 0.0974578 0.9218149
1341846666.570131 -0.4317285 0.0252597 0.0790936 -0.2664948 0.3048627 0.1356882 0.9042279
1341846666.906019 -0.4574873 0.0425229 0.0848300 -0.2905250 0.2948618 0.1546756 0.8970659
1341846667.074153 -0.4506288 0.1317077 0.0349215 -0.2939200 0.2806883 0.1481156 0.9016024
1341846667.106156 -0.4685319 0.0384066 0.0835901 -0.3179811 0.2875431 0.1523090 0.8905105
1341846667.138108 -0.4670628 0.0283951 0.0884158 -0.3198005 0.2841225 0.1520420 0.8910024
1341846667.174105 -0.4454513 0.0433023 0.0687685 -0.3160188 0.2783304 0.1499128 0.8945336
1341846667.238075 -0.4716448 0.0241517 0.0835168 -0.3148768 0.2868490 0.1415907 0.8936008
1341846667.274016 -0.4248117 -0.0102072 0.0620545 -0.3160338 0.2779360 0.1379517 0.8965732
1341846667.306189 -0.4110835 0.0260824 0.0449064 -0.3020721 0.2785166 0.1300861 0.9023628
1341846667.342253 -0.4807602 0.2316449 0.0123257 -0.2495878 0.2866526 0.1168374 0.9175431
1341846667.406982 -0.4963853 -0.0009477 0.0699894 -0.2790353 0.2960142 0.1129060 0.9065137
1341846667.442109 -0.5428474 -0.0099165 0.0787025 -0.2688275 0.3050056 0.1100391 0.9069701
1341846667.474109 -0.5054688 -0.0421367 0.0818888 -0.2628227 0.2982012 0.1066823 0.9113831
1341846667.542298 -0.4749793 -0.1326714 0.1090699 -0.2549131 0.2966703 0.0994969 0.9149352
1341846667.610099 -0.5503240 0.0716771 0.0632837 -0.1920246 0.3083165 0.0817846 0.9281049
1341846668.010215 -0.5844986 0.0267284 0.1136018 -0.1360292 0.3375377 0.0592683 0.9295438
1341846668.246163 -0.5845546 -0.0082154 0.1243587 -0.0742380 0.3496912 0.0446682 0.9328502
1341846668.414247 -0.5744315 0.0044925 0.1261184 -0.0313322 0.3489513 0.0376569 0.9358596
1341846668.478153 -0.5956762 -0.0397862 0.1497786 -0.0121819 0.3526124 0.0350908 0.9350320
1341846668.614140 -0.5852407 -0.0100909 0.1257427 0.0316341 0.3502881 0.0143632 0.9359974
1341846669.014062 -0.5884765 0.0408629 0.1188866 0.0546194 0.3324674 -0.0152329 0.9414086
1341846669.450219 -0.5817524 0.0559870 0.1214249 -0.0237733 0.3098834 -0.0913484 0.9460775
1341846669.986285 -0.5825536 0.0698473 0.0816478 -0.1369051 0.3276449 -0.2022588 0.9126868
1341846670.222197 -0.5814978 0.0673050 0.0842639 -0.1832784 0.3479917 -0.2580198 0.8824605
1341846670.358377 -0.5981041 0.0733359 0.0963426 -0.1954501 0.3696710 -0.2874411 0.8616961
1341846670.422206 -0.5185723 0.0580044 0.0102254 -0.1888553 0.3635542 -0.3018509 0.8608415
1341846670.464003 -0.5555680 0.0708964 0.0557294 -0.1882826 0.3811264 -0.3145016 0.8487526
1341846670.696002 -0.6070162 0.0523221 0.0788912 -0.1839360 0.4176132 -0.3545292 0.8161346
1341846670.728093 -0.6016167 0.0532205 0.0744696 -0.1792079 0.4207174 -0.3610400 0.8127309
1341846670.764128 -0.5984070 0.0580715 0.0794160 -0.1764368 0.4264678 -0.3682202 0.8070992
1341846670.796059 -0.6083040 0.0500932 0.0921301 -0.1751524 0.4336931 -0.3760999 0.7998630
1341846670.832246 -0.6086212 0.0467365 0.0701960 -0.1674358 0.4358296 -0.3790553 0.7989586
1341846670.896139 -0.6028918 0.0263778 0.0956069 -0.1607568 0.4423888 -0.3798702 0.7963341
1341846671.132289 -0.6158868 0.0064829 0.0755529 -0.1071398 0.4597723 -0.4107394 0.7800152
1341846671.840252 -0.6352302 0.0041340 0.0629199 -0.0227533 0.3775689 -0.5379719 0.7533328
1341846671.872106 -0.6500524 -0.0017681 0.0506808 -0.0238303 0.3749826 -0.5429333 0.7510284
1341846671.904035 -0.6338931 0.0070895 0.0544231 -0.0228403 0.3722484 -0.5450001 0.7509223
1341846672.472323 -0.6489962 -0.0036654 0.0576461 -0.0460710 0.3471631 -0.5996829 0.7195386
1341846672.708152 -0.6353832 0.0033791 0.0561283 -0.0418975 0.3394041 -0.5798321 0.7394891
1341846672.902275 -0.6265864 0.0094350 0.0666907 -0.0163453 0.3291647 -0.5296538 0.7815691
1341846672.970326 -0.6237555 0.0154478 0.0621116 -0.0114654 0.3241570 -0.5122046 0.7952592
1341846673.070235 -0.6284211 0.0133684 0.0642495 -0.0097458 0.3221660 -0.4830182 0.8141299
1341846673.138104 -0.6169519 0.0173810 0.0774988 0.0028839 0.3175359 -0.4581496 0.8302178
1341846675.218759 -0.6079936 0.0946999 0.0956830 0.0681192 0.2226084 0.0674755 0.9701816
1341846675.318078 -0.6306121 0.0936286 0.0784369 0.0572191 0.2279745 0.0797555 0.9687067
1341846675.350149 -0.6309811 0.0973000 0.0397845 0.0495885 0.2278861 0.0845120 0.9687449
1341846675.450238 -0.5853462 0.0689236 0.1199495 0.0331705 0.2373565 0.0966185 0.9660364
1341846675.486165 -0.6007386 0.0584842 0.1337064 0.0438720 0.2421186 0.1040386 0.9636544
1341846675.518083 -0.6079084 0.0605504 0.1369730 0.0547352 0.2441699 0.1079430 0.9621504
1341846675.550092 -0.6161101 0.0721196 0.1461783 0.0665001 0.2448260 0.1132354 0.9606330
1341846675.786330 -0.6038506 0.0754845 0.1551230 0.1002066 0.2532917 0.1064178 0.9562830
1341846675.818106 -0.5923564 0.0710258 0.1361981 0.1015701 0.2549448 0.1041519 0.9559493
1341846676.632057 -0.5085631 0.1362835 -0.0502177 0.1043256 0.2743824 0.0858906 0.9520784
1341846676.858331 -0.4840225 0.1426065 -0.0774938 0.1079596 0.2923648 0.0795598 0.9468568
1341846677.468326 -0.4380670 0.1439446 -0.1207703 0.1134771 0.2930695 0.0781905 0.9461076
1341846677.966256 -0.4187641 0.1301945 -0.1366788 0.1267419 0.3045923 0.0661883 0.9416895
1341846678.134082 -0.4319773 0.1243662 -0.1495111 0.1387999 0.3010321 0.0639850 0.9412864
1341846678.266209 -0.4306155 0.1224467 -0.1549193 0.1450052 0.2988135 0.0614470 0.9412270
1341846678.439991 -0.4238369 0.1206562 -0.1618525 0.1487867 0.2951162 0.0604892 0.9418651
