1341845820.751833 0.0000000 0.0000000 0.0000000 0.0000000 0.0000000 0.0000000 1.0000000
1341845833.381840 0.4178986 0.0767741 -0.0284651 -0.0293271 0.0454748 0.0518888 0.9971858
1341845833.581733 0.4301141 0.0692685 -0.0181709 -0.0310524 0.0476481 0.0516714 0.9970434
1341845834.217802 0.4272760 0.0797070 -0.0202983 -0.0415078 0.0475325 0.0425823 0.9970980
1341845834.321783 0.4125165 0.0671122 -0.0085227 -0.0466427 0.0440177 0.0392314 0.9971699
1341845834.453840 0.3783396 0.0781709 -0.0104921 -0.0382204 0.0464669 0.0411484 0.9973399
1341845836.503945 -0.1074336 0.0094660 -0.0385782 0.0095072 -0.0158187 0.0511310 0.9985214
1341845836.639724 -0.1169180 0.0095907 -0.0250357 0.0055520 -0.0180707 0.0496942 0.9985855
1341845836.704020 -0.1203014 -0.0061979 -0.0275181 0.0089482 -0.0180760 0.0476348 0.9986612
1341845836.771652 -0.1217645 -0.0288913 -0.0175420 0.0214980 -0.0180986 0.0507350 0.9983167
1341845836.803601 -0.1224680 -0.0253650 -0.0284028 0.0278082 -0.0165973 0.0524344 0.9980991
1341845840.621850 -0.0898551 -0.3131683 0.0027628 -0.0501238 0.0536389 -0.0030819 0.9972968
1341845840.753824 -0.1183017 -0.3109307 0.0223286 -0.0509681 0.0496961 -0.0061887 0.9974439
1341845841.127763 -0.1226351 -0.2544379 0.0136979 -0.0401268 0.0560725 -0.0064305 0.9975993
1341845841.357778 -0.1236069 -0.2098186 0.0199043 -0.0318174 0.0515357 -0.0150949 0.9980500
1341845841.525800 -0.1160646 -0.1673939 0.0179353 -0.0119219 0.0431738 0.0012293 0.9989957
1341845841.925729 -0.1236478 -0.1255927 0.0322686 -0.0059304 0.0312753 0.0139656 0.9993957
1341845841.994063 -0.1113735 -0.1164282 0.0266385 -0.0058207 0.0308058 0.0128323 0.9994261
1341845842.168651 -0.1187844 -0.0846652 0.0458987 -0.0085118 0.0295635 0.0172175 0.9993784
1341845842.204415 -0.1247116 -0.0923581 0.0388529 -0.0093071 0.0299907 0.0180138 0.9993445
1341845844.341702 -0.1376583 0.2316675 0.0742785 0.0071844 0.0488213 0.0473776 0.9976574
1341845844.541734 -0.1438984 0.2680124 0.0784910 -0.0051462 0.0494968 0.0529993 0.9973539
1341845845.751971 -0.1602457 0.4810768 0.0814212 -0.0362710 -0.0044276 0.0190580 0.9991505
1341845846.185551 -0.1448943 0.5393723 0.0915994 -0.0441363 -0.0038316 0.0223212 0.9987688
1341845846.687048 -0.1328268 0.5938763 0.0817089 -0.0769445 0.0018957 0.0246612 0.9967285
1341845847.089677 -0.1415235 0.4802763 0.0842979 -0.0615509 -0.0001809 0.0206036 0.9978912
1341845856.573678 -0.2607356 0.1703056 -0.1657768 -0.0312964 -0.0015872 0.0225883 0.9992536
1341845856.673977 -0.2584609 0.1801215 -0.1736174 -0.0273730 -0.0003023 0.0242292 0.9993316
1341845857.445790 -0.2555935 0.1811928 -0.2318424 -0.0354921 0.0046592 0.0185087 0.9991877
1341845858.149725 -0.2193095 0.1782803 -0.2902444 -0.0474128 0.0091325 0.0194883 0.9986435
1341845858.381855 -0.2081037 0.1742818 -0.2983443 -0.0537874 0.0019604 0.0157508 0.9984263
1341845858.549803 -0.2144729 0.1649510 -0.3035678 -0.0516429 0.0006855 0.0124328 0.9985880
1341845858.654134 -0.2142043 0.1663375 -0.3122577 -0.0533915 0.0012230 0.0094292 0.9985284
1341845859.221654 -0.1924283 0.1632681 -0.3449163 -0.0669950 0.0102164 0.0021122 0.9976988
1341845859.389950 -0.1842644 0.1510284 -0.3495365 -0.0714492 0.0158727 -0.0079178 0.9972865
1341845859.657759 -0.1723278 0.1383845 -0.3671977 -0.0697229 0.0307942 -0.0146834 0.9969829
1341845859.789818 -0.1758101 0.1334866 -0.3650450 -0.0633807 0.0383775 -0.0099835 0.9972013
1341845859.993847 -0.1770194 0.1315560 -0.3640012 -0.0531813 0.0360403 -0.0121438 0.9978604
1341845860.193724 -0.1842633 0.1272213 -0.3690661 -0.0456323 0.0172880 -0.0183047 0.9986410
1341845860.294553 -0.1935322 0.1223111 -0.3680122 -0.0388478 0.0072831 -0.0251044 0.9989032
1341845860.393714 -0.1819990 0.1242943 -0.3771833 -0.0308791 -0.0037317 -0.0275331 0.9991369
1341845862.275754 -0.1564205 0.1286090 -0.3511649 -0.0361632 -0.0232534 -0.0406310 0.9982488
1341845862.375792 -0.1429814 0.1241066 -0.3457063 -0.0345128 -0.0216341 -0.0306561 0.9986997
1341845862.847856 -0.1406665 0.1278804 -0.3448298 -0.0238645 0.0010745 -0.0246808 0.9994099
