1341846649.952612 0.000000000 0.000000000 0.000000000 0.000000000 0.000000000 0.000000000 1.000000000
1341846650.014156 0.014225509 -0.011187200 -0.001675584 0.001078859 -0.004852511 0.007924193 0.999956250
1341846650.046184 0.030169336 -0.000211966 0.003341651 0.003979875 -0.009085873 0.008032499 0.999918520
1341846650.078250 0.044446666 0.001913397 0.012514673 0.005994343 -0.009209271 0.006232191 0.999920189
1341846650.114215 0.042839095 -0.005040821 0.004425225 0.006844803 -0.008567837 0.009143655 0.999898076
1341846650.146137 0.059116598 -0.008346403 0.011712094 0.008807717 -0.013068750 0.011835795 0.999805748
1341846650.182236 0.069604680 -0.001586212 0.017809967 0.013611229 -0.012923898 0.008249920 0.999789774
1341846650.214164 0.069560058 0.000337437 0.004642879 0.015210907 -0.011205657 0.007360671 0.999794424
1341846650.246084 0.076781988 -0.004410261 0.005253460 0.012777132 -0.013108293 0.007961246 0.999800742
1341846650.282167 0.101931155 -0.014500641 0.027383870 0.013930769 -0.013830069 0.003071878 0.999802589
1341846650.314158 0.087956205 -0.010562479 0.003683549 0.016515519 -0.007830882 0.000279711 0.999832869
1341846650.350453 0.088869236 -0.013873260 -0.001772125 0.013870551 -0.007786092 0.000167140 0.999873459
1341846650.382075 0.102706768 -0.011069168 0.020109234 0.012323252 -0.009162955 -0.002774768 0.999878228
1341846650.414224 0.117716216 -0.017905960 0.040391199 0.013470515 -0.006319419 -0.005489416 0.999874234
1341846650.450353 0.098007903 -0.013210513 0.018253189 0.016003106 0.001336614 -0.002696981 0.999867380
1341846650.484849 0.094525054 -0.007603488 0.000272554 0.014270761 0.005218124 -0.004531883 0.999874294
1341846650.514091 0.100782275 -0.017381847 0.034194715 0.012185698 0.010072752 -0.006175025 0.999855936
1341846650.550746 0.104474649 -0.030691631 0.046224155 0.016546363 0.016685076 -0.006224432 0.999704480
1341846650.582069 0.080960803 -0.018722024 0.019671332 0.021929856 0.025914157 -0.007169268 0.999397874
1341846650.618092 0.066540420 -0.013514058 0.013700562 0.021541566 0.033286780 -0.009876643 0.999164820
1341846650.650422 0.055722054 -0.021918496 0.015696293 0.020209277 0.041748110 -0.012393376 0.998846889
1341846650.682114 0.048399385 -0.018814821 0.023118507 0.021520412 0.049191117 -0.013610039 0.998464763
1341846650.718110 0.039187375 -0.025703337 0.022977017 0.020182170 0.055021662 -0.014846026 0.998170793
1341846650.750112 0.042450313 -0.024363495 0.035276782 0.021102989 0.061737411 -0.018680744 0.997694433
1341846650.782116 0.016582046 -0.036253758 0.034174971 0.021013193 0.074277312 -0.017115809 0.996869326
1341846650.818115 0.001281841 -0.033300359 0.048974711 0.025167134 0.079269387 -0.015432205 0.996415973
1341846650.850139 -0.020386748 -0.022348553 0.032737762 0.026844537 0.085183069 -0.018343771 0.995834708
1341846650.886238 -0.046320986 0.012553575 0.050501052 0.031274136 0.099935390 -0.026049202 0.994161069
1341846650.918288 -0.038364638 -0.047220267 0.033914663 0.022253288 0.107977770 -0.013669080 0.993810236
1341846650.950233 -0.050979555 -0.025928380 0.051832765 0.026193850 0.115497448 -0.011364182 0.992897332
1341846650.986247 -0.032275625 -0.027077464 0.076001599 0.025807984 0.122411028 -0.008233390 0.992109716
1341846651.050482 -0.088312343 -0.033836454 0.054439340 0.028024789 0.144195080 0.001534338 0.989151180
1341846651.086169 -0.100722872 -0.021102531 0.053871792 0.026581051 0.152296618 0.003308267 0.987971783
1341846651.118423 -0.137644023 -0.043858703 0.045044456 0.024183834 0.165530726 0.004020633 0.985899806
1341846651.154189 -0.149887592 -0.026749503 0.056989010 0.031771112 0.173665598 0.004163709 0.984283209
1341846651.186391 -0.168903410 -0.018326296 0.063800693 0.032580581 0.181138247 0.007238473 0.982891142
1341846651.218036 -0.177732959 -0.028144507 0.070253626 0.029365243 0.186267957 0.007913512 0.982028127
1341846651.254031 -0.188312069 -0.030406900 0.075047836 0.029147552 0.191721916 0.009549776 0.980969906
1341846651.286406 -0.205288976 -0.025072269 0.080923803 0.027819028 0.198000729 0.009521242 0.979760766
1341846651.318309 -0.216109335 -0.034683216 0.090016022 0.024635319 0.203053564 0.009089348 0.978815496
1341846651.354135 -0.226763263 -0.033897512 0.091813520 0.024931602 0.209487736 0.006316200 0.977472961
1341846651.386180 -0.239886642 -0.036451351 0.111908697 0.025754508 0.218442380 0.005410400 0.975494921
1341846651.422237 -0.253236860 -0.032507204 0.115534835 0.025990214 0.221634030 0.005646168 0.974767089
1341846651.492135 -0.277019173 -0.031786818 0.111204758 0.021130050 0.229887709 0.002102419 0.972985506
1341846651.560316 -0.304730803 -0.044499036 0.127833784 0.022433829 0.249664456 0.001406067 0.968071461
1341846651.622176 -0.326861918 -0.051672772 0.132516667 0.029181529 0.260419548 -0.000789887 0.965054095
1341846651.654223 -0.343790323 -0.049343862 0.141490340 0.033248469 0.265520811 -0.001599852 0.963530302
1341846651.690127 -0.357742131 -0.049112298 0.141367286 0.037906814 0.268649906 -0.000639099 0.962491512
1341846651.722318 -0.378386527 -0.048074145 0.137365788 0.041836046 0.273536354 -0.000244459 0.960951328
1341846651.754212 -0.389899433 -0.041562196 0.139670104 0.044650853 0.277104437 0.000880510 0.959801316
1341846651.790200 -0.410552680 -0.034258977 0.131311297 0.043614093 0.282974303 0.000303092 0.958135307
1341846651.822233 -0.420357376 -0.053526975 0.139743328 0.041536044 0.289215118 0.002932903 0.956358075
1341846651.858213 -0.443108529 -0.065393798 0.140289038 0.049346592 0.295095652 0.005328334 0.954177678
1341846651.890237 -0.452844143 -0.049359154 0.141677514 0.059623044 0.300250530 0.005165117 0.951981068
1341846651.922186 -0.481124133 -0.039503615 0.159502208 0.062640101 0.307668567 0.004348289 0.949419498
1341846651.958047 -0.494183302 -0.051506840 0.164596483 0.063503742 0.311031550 0.006522480 0.948253155
1341846651.990020 -0.497944325 -0.062249005 0.173014298 0.069793969 0.316206455 0.011070902 0.946054757
1341846652.022081 -0.527519286 -0.045330487 0.169581398 0.078687534 0.321906567 0.012034656 0.943419099
1341846652.058058 -0.542399466 -0.033313889 0.168156654 0.080731533 0.323143333 0.013493533 0.942803681
1341846652.090106 -0.553523839 -0.029104881 0.171075210 0.078699164 0.325659007 0.011370627 0.942137659
1341846652.126257 -0.564310312 -0.033970609 0.178857312 0.076000668 0.330475390 0.013640188 0.940650761
1341846652.158232 -0.570654511 -0.036066789 0.189883247 0.074835621 0.332472950 0.016379593 0.939996302
1341846652.190049 -0.580842078 -0.037775293 0.198139518 0.073513545 0.335465133 0.013832134 0.939078033
1341846652.225981 -0.583086550 -0.046909969 0.189729109 0.073142499 0.341252983 0.014569391 0.937008142
1341846652.258089 -0.603852391 -0.056377258 0.199518174 0.075287044 0.348815173 0.020252250 0.933943093
1341846652.290189 -0.611937881 -0.056869708 0.234579712 0.080128536 0.351566672 0.020474857 0.932502568
1341846652.326148 -0.622999072 -0.062620357 0.230433568 0.086435460 0.353703976 0.020474082 0.931130111
1341846652.358184 -0.633170843 -0.049040984 0.228731185 0.090962254 0.357100755 0.019769488 0.929416001
1341846652.394279 -0.643204093 -0.049391814 0.238005504 0.091619968 0.359448433 0.019493459 0.928451717
1341846652.426287 -0.651488900 -0.055637460 0.239431962 0.092247374 0.361882418 0.018428043 0.927465379
1341846652.458277 -0.668324947 -0.056968171 0.253423810 0.094520345 0.367304564 0.017315382 0.925123513
1341846652.494100 -0.682444870 -0.058266297 0.259884179 0.097166717 0.370938212 0.018202296 0.923380792
1341846652.526469 -0.690812886 -0.053152572 0.261433691 0.096818745 0.374871403 0.017368242 0.921843767
1341846652.562089 -0.693378925 -0.064568125 0.256374300 0.095472783 0.381073654 0.017607208 0.919433415
1341846652.594254 -0.697841763 -0.068317600 0.269293666 0.096216872 0.392708689 0.015942162 0.914476931
1341846652.626356 -0.694680870 -0.067932092 0.277534813 0.098002866 0.402676374 0.016712124 0.909927428
1341846652.662152 -0.710202396 -0.060259193 0.245753601 0.096309640 0.415621519 0.011365917 0.904352784
1341846652.694113 -0.704879999 -0.062303063 0.248379335 0.092371389 0.440266520 0.009562443 0.893051744
1341846652.726378 -0.691621184 -0.068448588 0.255999625 0.093175776 0.465273112 0.010402358 0.880188048
1341846652.762129 -0.705237269 -0.061585315 0.248613328 0.092205063 0.488722682 0.010193892 0.867493212
1341846652.794152 -0.711514592 -0.062303454 0.251831949 0.087289639 0.517514288 0.010219768 0.851149261
1341846652.830250 -0.745140135 -0.098148383 0.330251664 0.080989525 0.553201616 0.011700778 0.829018593
1341846652.862014 -0.747970819 -0.097449407 0.333010793 0.080779977 0.567424297 0.015847975 0.819300354
1341846652.894426 -0.746420920 -0.099322535 0.330157399 0.081010640 0.581433773 0.021665134 0.809260547
1341846652.930346 -0.733889043 -0.100057170 0.328835160 0.082494892 0.596820533 0.024175080 0.797756493
1341846652.962213 -0.753794670 -0.097239815 0.332615227 0.080607012 0.611396015 0.024808085 0.786817670
1341846653.030292 -0.733428359 -0.100668751 0.328692615 0.075951785 0.633793354 0.031626899 0.769114435
1341846653.062672 -0.736354411 -0.100855820 0.329720855 0.079155214 0.645433903 0.034585878 0.758915901
1341846653.099024 -0.739172161 -0.097272456 0.331191719 0.075725421 0.658722401 0.031910762 0.747885168
1341846653.130475 -0.728091657 -0.101846687 0.328017592 0.073173635 0.670628726 0.037780385 0.737207890
1341846653.162620 -0.748922765 -0.099508494 0.330668211 0.072958119 0.683421850 0.040276490 0.725251317
1341846653.198437 -0.760050535 -0.099616677 0.334798306 0.074000724 0.692601502 0.043923870 0.716168761
1341846653.230042 -0.749716699 -0.099620000 0.330792874 0.075096972 0.701448321 0.046227474 0.707243681
1341846653.298380 -0.759063780 -0.097112700 0.334300786 0.074825324 0.721297741 0.052425317 0.686572790
1341846653.330162 -0.760328472 -0.118495338 0.404791594 0.072325252 0.738133430 0.056895938 0.668349445
1341846653.366319 -0.775395572 -0.121215716 0.425029486 0.072476082 0.746585786 0.062118754 0.658405721
1341846653.398226 -0.768405080 -0.121367067 0.417456061 0.072600119 0.752754092 0.065305211 0.651018977
1341846653.430060 -0.763732493 -0.113360658 0.458684206 0.077560864 0.761242688 0.066939063 0.640322626
1341846653.466341 -0.758854449 -0.115456350 0.454426587 0.077765040 0.765265882 0.064898759 0.635695577
1341846653.498194 -0.779193878 -0.111426704 0.452063620 0.078194492 0.768173158 0.065238528 0.632091463
1341846653.530205 -0.768337071 -0.114274696 0.451174796 0.076577745 0.769782245 0.063347660 0.630522192
1341846653.566601 -0.776072323 -0.106300488 0.457165122 0.077807888 0.770891845 0.061108701 0.629235566
1341846653.598213 -0.771757007 -0.106550977 0.460203767 0.077722773 0.771566868 0.061547667 0.628375351
1341846653.634793 -0.776638508 -0.105335839 0.450834095 0.077011339 0.769889832 0.061514881 0.630519450
1341846653.666143 -0.776738763 -0.105344005 0.448008299 0.077011071 0.768594205 0.061642159 0.632085860
1341846653.698738 -0.817794085 -0.094807692 0.422165155 0.077467747 0.763767302 0.062969998 0.637724876
1341846653.734313 -0.808373392 -0.093009278 0.424434036 0.076483198 0.760002196 0.064396873 0.642183781
1341846653.766275 -0.801145613 -0.099189132 0.430203021 0.075572453 0.758203626 0.065985911 0.644252956
1341846653.802358 -0.835476041 -0.089381687 0.407010674 0.075839333 0.751718521 0.066827163 0.651691496
1341846653.834226 -0.836511552 -0.082556404 0.407932401 0.076785311 0.744523823 0.067300029 0.659741580
1341846653.866214 -0.824149251 -0.083377108 0.427046061 0.077821843 0.740805626 0.068250827 0.663696170
1341846653.902170 -0.832115173 -0.100407928 0.416707009 0.073922634 0.734616041 0.069439895 0.670859814
1341846653.934160 -0.814974546 -0.093834467 0.427210689 0.072905406 0.729166806 0.068703152 0.676964164
1341846653.966155 -0.827139735 -0.097221158 0.432233095 0.071273662 0.724844158 0.068941191 0.681739092
1341846654.002169 -0.829568624 -0.096377283 0.419461399 0.066946648 0.716420650 0.067803890 0.691131175
1341846654.034140 -0.820144594 -0.102733888 0.413182795 0.063891403 0.709427476 0.069278359 0.698449075
1341846654.070172 -0.823539317 -0.089738145 0.404312760 0.069022819 0.699896991 0.068515331 0.707591474
1341846654.102438 -0.814562619 -0.083889946 0.395482957 0.075655416 0.689449787 0.067538336 0.717198610
1341846654.134349 -0.808389127 -0.084651597 0.393854380 0.078546911 0.681925476 0.065072455 0.724274516
1341846654.170244 -0.815315425 -0.091363102 0.397319585 0.081152312 0.670564234 0.063429952 0.734666288
1341846654.202087 -0.803791463 -0.089247197 0.390259385 0.082040757 0.658652306 0.057858743 0.745720327
1341846654.234434 -0.800177336 -0.095283799 0.395817041 0.083170690 0.652598321 0.055593200 0.751070857
1341846654.270041 -0.834113181 -0.118700728 0.380079299 0.080819622 0.642996311 0.057002783 0.759456754
1341846654.302117 -0.757704735 -0.074424401 0.402967274 0.085729629 0.628727913 0.048980840 0.771331608
1341846654.338026 -0.772484004 -0.104040638 0.399329513 0.079809979 0.624360263 0.048914384 0.775507569
1341846654.369979 -0.747312784 -0.098009437 0.377818078 0.080189288 0.612572491 0.047982465 0.784870923
1341846655.006124 -0.619349122 -0.039678104 0.258406788 0.103596181 0.365667731 0.028152924 0.924533606
1341846655.106132 -0.616762996 -0.036430150 0.226613179 0.106224559 0.313695669 0.024392463 0.943247795
1341846655.174000 -0.578359723 -0.027602816 0.194149554 0.103864685 0.266468287 0.017733132 0.958066940
1341846658.022419 -0.349084258 -0.019122489 0.104689233 0.084280603 0.288390577 0.019202756 0.953603089
1341846658.122355 -0.338093877 -0.006636567 0.101567149 0.085290395 0.307405978 0.021691797 0.947500169
1341846658.158136 -0.335279882 -0.006427484 0.103599228 0.083745100 0.310566872 0.023327941 0.946567893
1341846658.190098 -0.338535964 -0.028304948 0.078443319 0.077786341 0.315624475 0.025738569 0.945340157
1341846658.226027 -0.335666478 -0.018676845 0.113510117 0.081062488 0.322828859 0.022469932 0.942711771
1341846658.258133 -0.346240580 -0.012916947 0.125504762 0.083296679 0.326498777 0.019677769 0.941314518
1341846658.290020 -0.346309423 -0.015881121 0.128148615 0.080214158 0.331454486 0.015329778 0.939930081
1341846658.326239 -0.351959407 -0.017145941 0.139747381 0.079771370 0.335917532 0.013677586 0.938407600
1341846658.358248 -0.361689687 0.003816707 0.134831637 0.078664377 0.336540163 0.012303193 0.938296974
1341846658.390215 -0.356906921 -0.006859951 0.135035500 0.070401303 0.335947514 0.008534006 0.939207137
1341846658.426300 -0.344271183 -0.018321823 0.132228404 0.067286380 0.337768048 0.010566241 0.938761711
1341846658.458168 -0.364110202 -0.026733905 0.162450746 0.068274833 0.339712530 0.010075124 0.937993765
1341846658.494176 -0.364367723 -0.008541392 0.145855173 0.069026247 0.333590239 0.015409659 0.940061390
1341846658.526214 -0.363964319 0.000480459 0.141595140 0.059046298 0.331639707 0.016275426 0.941415787
1341846658.558129 -0.357718199 -0.000822295 0.119378135 0.050933454 0.325625479 0.028603738 0.943692565
1341846659.030070 -0.363203138 -0.044850126 0.137383372 -0.062635854 0.303626537 0.063708276 0.948593080
1341846660.234105 -0.383753270 -0.042748928 0.119614929 -0.021369986 0.282253563 0.042770088 0.958147645
1341846660.270168 -0.428619653 -0.114452839 0.116617039 -0.026970858 0.288432688 0.045400113 0.956042886
1341846660.302258 -0.416745305 -0.084620953 0.141291648 -0.006446041 0.284121454 0.038280003 0.958002150
1341846660.334349 -0.416451186 -0.060313709 0.141003087 0.006121060 0.284015864 0.029424904 0.958348393
1341846660.370214 -0.400228709 -0.050309505 0.122008748 0.011897217 0.281753331 0.029501852 0.958959401
1341846660.401986 -0.417255014 -0.047717471 0.140080705 0.011538011 0.283069223 0.025742339 0.958684564
1341846660.438062 -0.406500697 -0.055489309 0.132235795 0.010628886 0.280130565 0.024890460 0.959580302
1341846660.470191 -0.407620311 -0.055899605 0.130631596 0.013426589 0.280424774 0.024478218 0.959469914
1341846660.502233 -0.412445843 -0.048296992 0.139123917 0.017118279 0.279381007 0.024806652 0.959707201
1341846660.537985 -0.402189225 -0.044462048 0.127361447 0.017188294 0.276708484 0.024574481 0.960485876
1341846660.570279 -0.401176661 -0.052298218 0.143941998 0.017628916 0.278959215 0.025482276 0.959802866
1341846660.602130 -0.414037317 -0.056370936 0.147204667 0.022207543 0.278053910 0.028668506 0.959880650
1341846660.638256 -0.407160670 -0.040547695 0.133754790 0.025252512 0.274292588 0.027822645 0.960911930
1341846660.670338 -0.391153574 -0.046150427 0.112429231 0.023358090 0.274782121 0.029847281 0.960759223
1341846660.706457 -0.404243857 -0.071373492 0.133482903 0.025659628 0.278856337 0.030313045 0.959511220
1341846660.738241 -0.410657555 -0.058649998 0.129368871 0.034284566 0.277695298 0.031298511 0.959546864
1341846660.770121 -0.402644962 -0.051829498 0.116236277 0.036354110 0.279770613 0.029418273 0.958927155
1341846660.806117 -0.398286611 -0.066473812 0.122980982 0.039128326 0.284004480 0.030591408 0.957535625
1341846660.838338 -0.393616915 -0.081082366 0.104830638 0.048096284 0.281578481 0.034513123 0.957710326
1341846660.870203 -0.390919656 -0.057459436 0.100082077 0.058040708 0.282495618 0.029436043 0.957058489
1341846660.906366 -0.390501171 -0.060237657 0.103919014 0.062290706 0.288406521 0.027700108 0.955078125
1341846660.938063 -0.414435148 -0.094919048 0.107284717 0.067119852 0.292423278 0.026200062 0.953570664
1341846660.974147 -0.407477736 -0.073947325 0.106602535 0.081314817 0.291377187 0.022428047 0.952882051
1341846661.006234 -0.412639827 -0.054703861 0.106567606 0.087142535 0.296231240 0.019938318 0.950923562
1341846661.038225 -0.417904258 -0.078678906 0.108212374 0.088207282 0.296838671 0.022230932 0.950585067
1341846661.074059 -0.406111896 -0.093377128 0.103693686 0.098010674 0.293034077 0.020229405 0.950849950
1341846661.106184 -0.409460783 -0.055796448 0.109740496 0.109166443 0.296051562 0.014193514 0.948806942
1341846661.138209 -0.418860912 -0.045248996 0.114506818 0.108245909 0.298212528 0.013052345 0.948251903
1341846661.174244 -0.412466526 -0.062329877 0.114837870 0.106936209 0.297954053 0.012732236 0.948486090
1341846661.206205 -0.415009797 -0.058350425 0.111599013 0.110881597 0.298458457 0.012672890 0.947875082
1341846661.242184 -0.413761377 -0.049200300 0.114729986 0.112902455 0.298396260 0.012164101 0.947662711
1341846661.274177 -0.412138283 -0.041832954 0.103102826 0.112280227 0.298135251 0.012600035 0.947813153
1341846661.308814 -0.415653050 -0.050302692 0.105070643 0.109828472 0.298254728 0.012721327 0.948061168
1341846661.342489 -0.415683150 -0.046963856 0.116737336 0.109431945 0.298547804 0.011219731 0.948033690
1341846661.374640 -0.412382185 -0.052890100 0.111778773 0.107602946 0.298222542 0.011031343 0.948347569
1341846661.410178 -0.417104781 -0.071683601 0.113478169 0.109854408 0.296759546 0.012630094 0.948528409
1341846661.442211 -0.410417467 -0.049612358 0.112225033 0.115913667 0.294606864 0.009862907 0.948511183
1341846661.474354 -0.411743253 -0.044101659 0.110645697 0.115016937 0.296084762 0.009499108 0.948163807
1341846661.510169 -0.422519118 -0.042242281 0.117259733 0.113385782 0.295524269 0.009369980 0.948536336
1341846661.542767 -0.418242544 -0.034097798 0.093883447 0.107873626 0.292641312 0.007251123 0.950090349
1341846661.574217 -0.406627059 -0.057895005 0.108298898 0.103018418 0.293899775 0.009040467 0.950225413
1341846661.610041 -0.405845046 -0.056108147 0.111536570 0.107252695 0.290547967 0.010154807 0.950776339
1341846661.642253 -0.405144304 -0.043262951 0.105562881 0.106751278 0.289627284 0.008026416 0.951133907
1341846661.678078 -0.407880753 -0.055665389 0.110655405 0.104285382 0.290247947 0.009548569 0.951204240
1341846661.710142 -0.417567492 -0.070092790 0.104541369 0.107065469 0.288694620 0.010723606 0.951355577
1341846661.742341 -0.416271359 -0.074491858 0.093958668 0.113846637 0.286847472 0.007162801 0.951160431
1341846661.778063 -0.419463873 -0.069178462 0.093234345 0.122838631 0.287961960 0.003109511 0.949725688
1341846661.810103 -0.417846501 -0.076331243 0.095091224 0.128508359 0.288193733 0.000771322 0.948909581
1341846661.842216 -0.415157467 -0.069357164 0.096686460 0.136959776 0.287629098 -0.003071916 0.947893500
1341846661.878157 -0.412528485 -0.064730570 0.092759408 0.140567303 0.288644195 -0.006062385 0.947041988
1341846661.910222 -0.415761024 -0.065717563 0.093249194 0.141048074 0.291438729 -0.007787300 0.946101606
1341846661.946090 -0.416725248 -0.069649577 0.094032116 0.143955052 0.291646510 -0.008511513 0.945593357
1341846662.010311 -0.426918536 -0.078001775 0.112035327 0.156324849 0.294436514 -0.015418294 0.942672789
1341846662.046195 -0.427159488 -0.074767299 0.116472363 0.165315241 0.292726249 -0.017514156 0.941634476
1341846662.078099 -0.418261468 -0.074356005 0.092929043 0.170450836 0.289968520 -0.020428505 0.941513419
1341846662.110672 -0.414498538 -0.084379837 0.092645064 0.175878718 0.291750848 -0.022406166 0.939918160
1341846662.146166 -0.423449904 -0.082811743 0.095672801 0.183957800 0.290846348 -0.023634011 0.938621044
1341846662.178168 -0.430407137 -0.081172928 0.105073594 0.190401182 0.291798741 -0.025478948 0.936990738
1341846662.214136 -0.432734728 -0.090588927 0.104413562 0.201751441 0.293450594 -0.027094053 0.934049785
1341846662.246167 -0.434093505 -0.077196255 0.105177119 0.212854370 0.291546434 -0.027817430 0.932158709
1341846662.278007 -0.433129251 -0.074098893 0.102098703 0.216594532 0.292056382 -0.032022610 0.931001842
1341846662.314144 -0.429126799 -0.073657982 0.105902709 0.221997038 0.293763012 -0.032859538 0.929161370
1341846662.346164 -0.432077885 -0.076103769 0.108625382 0.225961104 0.292301059 -0.033545505 0.928642213
1341846662.378069 -0.426577002 -0.080375068 0.099179007 0.232107595 0.291243792 -0.033917714 0.927444160
1341846662.414229 -0.427622586 -0.073035769 0.100882724 0.239178956 0.292400956 -0.035874192 0.925207078
1341846662.446102 -0.428249687 -0.071180031 0.105243400 0.245794699 0.290848434 -0.037324958 0.923904240
1341846662.482229 -0.427921802 -0.083720297 0.103452899 0.252674073 0.289823949 -0.040701538 0.922226310
1341846662.514117 -0.431357980 -0.078588448 0.095767632 0.261488199 0.290253699 -0.041027565 0.919615924
1341846662.546261 -0.430138022 -0.077082708 0.100327566 0.269079179 0.289980888 -0.043056190 0.917416811
1341846662.582101 -0.424089879 -0.074418947 0.101373196 0.271481156 0.290866971 -0.044841889 0.916342497
1341846662.620264 -0.427378684 -0.082356289 0.100539416 0.274609774 0.291771680 -0.042969849 0.915211618
1341846662.682024 -0.423672527 -0.070208848 0.108758591 0.283002973 0.290510267 -0.047469266 0.912830651
1341846662.714075 -0.429452300 -0.078311607 0.105916053 0.284024805 0.291907966 -0.047093447 0.912086546
1341846662.750127 -0.426902890 -0.082188666 0.117418416 0.289498448 0.290065736 -0.047157023 0.910949349
1341846662.782002 -0.442996472 -0.073015094 0.091471612 0.290992796 0.290167749 -0.049065553 0.910339713
1341846662.814097 -0.426246136 -0.071944848 0.110835060 0.289445013 0.288645357 -0.047521770 0.911398470
1341846662.850193 -0.410275757 -0.092218235 0.140144750 0.290667325 0.287596703 -0.046434883 0.911396980
1341846662.882162 -0.415545046 -0.082277596 0.122575149 0.292757154 0.286616981 -0.047708403 0.910970807
1341846662.918191 -0.433283508 -0.089939043 0.117033795 0.290986121 0.286476731 -0.047279403 0.911604524
1341846662.956034 -0.428517371 -0.099893935 0.120016560 0.290401936 0.286375612 -0.048049379 0.911782324
1341846663.018208 -0.428103298 -0.089792654 0.103404477 0.294825196 0.281418771 -0.045798630 0.912021995
1341846663.049994 -0.429798007 -0.096678764 0.122048870 0.294000626 0.282071084 -0.047594704 0.911994636
1341846663.118078 -0.411271095 -0.074844562 0.112352476 0.296472341 0.280743092 -0.050180983 0.911465466
1341846663.150227 -0.415452510 -0.082480311 0.119280249 0.297508717 0.282942295 -0.054641612 0.910190344
1341846663.186300 -0.437208772 -0.070974380 0.122362763 0.297366261 0.284908086 -0.055051345 0.909598827
1341846663.218442 -0.439333200 -0.055133179 0.106041864 0.293626875 0.284358025 -0.055374663 0.910965085
1341846663.250380 -0.434153676 -0.073160097 0.109749265 0.287321538 0.285184205 -0.053816553 0.912808895
1341846663.286056 -0.430265009 -0.055037748 0.104063801 0.283683598 0.285224140 -0.052705389 0.913998306
1341846663.318060 -0.427524745 -0.039844282 0.103938229 0.276404530 0.283912361 -0.048828080 0.916847944
1341846663.350114 -0.429875314 -0.042739589 0.108105674 0.264838815 0.284735084 -0.045610808 0.920166254
1341846663.385985 -0.444378138 -0.052142683 0.107140258 0.256893545 0.285899431 -0.043010283 0.922180772
1341846663.418056 -0.433055937 -0.060108632 0.108057924 0.252774149 0.281651855 -0.039109021 0.924796164
1341846663.454044 -0.420899570 -0.057322703 0.114420317 0.245999590 0.280563027 -0.035741035 0.927087486
1341846663.486091 -0.426516145 -0.051695488 0.108625524 0.240062892 0.280266821 -0.033767313 0.928805709
1341846663.518394 -0.423113495 -0.051278349 0.114828855 0.232988432 0.278839618 -0.029777916 0.931170285
1341846663.554251 -0.419299394 -0.057735559 0.111196995 0.226746574 0.278587550 -0.028022870 0.932839572
1341846663.586143 -0.425934374 -0.046491813 0.110119723 0.220104218 0.278831780 -0.025309168 0.934433758
1341846663.622145 -0.421896964 -0.053578448 0.118523784 0.213288397 0.277359664 -0.021630786 0.936542451
1341846663.654099 -0.422114909 -0.052248716 0.110378511 0.207509413 0.276309103 -0.021438552 0.938154340
1341846663.686099 -0.426751465 -0.030408010 0.114604339 0.198918924 0.277491599 -0.019938176 0.939697921
1341846663.722109 -0.421618134 -0.044184234 0.107764512 0.191070274 0.276367426 -0.015799258 0.941734374
1341846663.755694 -0.417326182 -0.040653877 0.109193340 0.187034756 0.277389109 -0.014863688 0.942259192
1341846663.786304 -0.419761181 -0.017411210 0.109447762 0.176470131 0.279638171 -0.012703707 0.943662763
1341846663.822090 -0.422168672 -0.007708710 0.119327776 0.160211340 0.281259000 -0.009122639 0.946119666
1341846663.854115 -0.413795650 -0.033112846 0.113237835 0.150523081 0.281009138 -0.006055843 0.947807968
1341846663.890140 -0.419900864 -0.007422686 0.109034106 0.145134777 0.282707840 -0.005104366 0.948148727
1341846663.921987 -0.424654245 0.020001177 0.118893199 0.126979575 0.286040425 -0.004266546 0.949757218
1341846663.954282 -0.419634104 -0.019602243 0.109929524 0.107641608 0.285986334 0.001280330 0.952167809
1341846663.990370 -0.408525348 -0.017184239 0.105155230 0.100226097 0.287108004 0.004903432 0.952627778
1341846664.022124 -0.422943354 0.000494447 0.115611963 0.087305106 0.291778386 0.005527174 0.952477098
1341846664.054171 -0.421220005 -0.003538737 0.112002224 0.071701974 0.292320609 0.008548912 0.953590274
1341846664.090250 -0.418421119 -0.025491476 0.108274773 0.059480999 0.293128639 0.012790956 0.954135180
1341846664.122237 -0.416788280 -0.028764699 0.114617184 0.054592967 0.293624967 0.015393361 0.954236329
1341846664.158241 -0.419836342 -0.017968599 0.116696931 0.050003551 0.293278754 0.015922535 0.954585612
1341846664.190141 -0.411856949 -0.008601063 0.110661268 0.041191876 0.292309076 0.017308397 0.955279529
1341846664.222189 -0.416616917 -0.021925932 0.112798780 0.032154363 0.294078559 0.020893065 0.955011725
1341846664.258172 -0.416027129 -0.026917653 0.112392798 0.027267020 0.293311983 0.022422928 0.955364764
1341846664.290022 -0.408723712 -0.014407032 0.105827019 0.022780303 0.293130845 0.023756932 0.955505610
1341846664.322491 -0.423545003 -0.008443350 0.116926879 0.011914385 0.297810376 0.024850123 0.954227209
1341846664.358302 -0.417873412 -0.014310027 0.114368767 0.005027543 0.296139181 0.028667340 0.954701245
1341846664.390101 -0.415932208 -0.017386332 0.112664498 -0.002521241 0.295501858 0.030987388 0.954836130
1341846664.426143 -0.413518816 -0.010812733 0.117007807 -0.010064697 0.296392441 0.031786244 0.954484046
1341846664.458304 -0.423130840 -0.019822624 0.124447204 -0.020625966 0.298834592 0.032965824 0.953512311
1341846664.490116 -0.412193775 -0.018999843 0.110416248 -0.029083006 0.297371209 0.037544060 0.953580081
1341846664.526173 -0.419649541 -0.005263676 0.115824714 -0.034361683 0.298975468 0.038828373 0.952851117
1341846664.558129 -0.418201655 0.013411196 0.123399675 -0.037860226 0.298668057 0.041158944 0.952717066
1341846664.590129 -0.405410349 0.009665769 0.113271601 -0.045321252 0.297673702 0.043852597 0.952582479
1341846664.626196 -0.412363917 -0.028021164 0.120397955 -0.054944292 0.301325262 0.047013167 0.950775445
1341846664.658276 -0.412385732 -0.048327766 0.122438565 -0.055418465 0.301078379 0.047622971 0.950795770
1341846664.694136 -0.404912263 -0.016614722 0.112378366 -0.049580917 0.299524575 0.044521492 0.951758683
1341846664.726667 -0.407932043 -0.021484558 0.113102578 -0.053984784 0.303343952 0.044796027 0.950295448
1341846664.758141 -0.413342476 -0.045295674 0.118444182 -0.058866307 0.304034352 0.048254810 0.949615359
1341846664.794104 -0.410118818 -0.018336495 0.116068162 -0.055348508 0.302011102 0.045758221 0.950595617
1341846664.826123 -0.416246742 -0.020281173 0.123420410 -0.057634704 0.304632783 0.047563188 0.949533999
1341846664.862093 -0.411170155 -0.024766417 0.122000262 -0.059035353 0.302485168 0.050609671 0.949976921
1341846664.894198 -0.408094823 -0.015633812 0.116519831 -0.058039069 0.300960600 0.050488159 0.950528860
1341846664.926270 -0.408440351 -0.008262016 0.112942137 -0.058315344 0.303627402 0.050381564 0.949669123
1341846664.962375 -0.420383424 -0.009906102 0.121598080 -0.060184449 0.306245774 0.051292025 0.948662460
1341846664.997077 -0.417086661 0.002557758 0.116666600 -0.060672984 0.305296451 0.050059192 0.949003100
1341846665.026380 -0.422965795 0.010482369 0.120353267 -0.061993197 0.307588011 0.049365684 0.948213875
1341846665.062417 -0.424697816 -0.008815795 0.127109155 -0.066422284 0.308352709 0.052251879 0.947510660
1341846665.094077 -0.412072718 0.021001525 0.118046723 -0.064027362 0.305143178 0.050269246 0.948820889
1341846665.130160 -0.412809610 0.012567690 0.109412499 -0.070581615 0.307140768 0.052937560 0.947565496
1341846665.162114 -0.421850741 -0.015747366 0.114994287 -0.078447290 0.307716966 0.058042288 0.946460426
1341846665.194100 -0.398445398 0.028051293 0.109733105 -0.072804339 0.302513242 0.055135570 0.948759854
1341846665.230221 -0.419359744 0.027499881 0.091405407 -0.079992883 0.305980712 0.057042181 0.946954668
1341846665.262005 -0.418402433 0.028419819 0.089999139 -0.088596091 0.305810392 0.060001668 0.946060538
1341846665.300077 -0.421024650 0.020937521 0.096453980 -0.097931661 0.306355357 0.061717879 0.944852769
1341846665.362294 -0.429844767 0.011112437 0.099263117 -0.108768135 0.311548501 0.065165132 0.941732705
1341846665.398079 -0.423225939 0.030406032 0.094786234 -0.108430631 0.307050556 0.065055951 0.943255246
1341846665.430162 -0.431779951 0.019093212 0.095796421 -0.121154033 0.310216874 0.064843252 0.940681934
1341846665.462226 -0.423105448 0.026389509 0.091828659 -0.129549205 0.311070830 0.068530902 0.939018309
1341846665.498226 -0.430720866 0.018553756 0.102557234 -0.135466471 0.310645700 0.071489796 0.938103020
1341846665.530109 -0.423829913 0.007072717 0.094473265 -0.138895556 0.308737725 0.071847983 0.938204050
1341846665.562222 -0.429973006 0.013120390 0.100168847 -0.137894675 0.311582386 0.073603384 0.937274754
1341846665.598196 -0.429205745 0.024471220 0.092334963 -0.137073740 0.309490532 0.074221626 0.938039184
1341846665.630107 -0.421292603 0.030182131 0.084669352 -0.140154466 0.307845712 0.072622851 0.938250303
1341846665.666289 -0.429770917 0.030233480 0.091409989 -0.144311503 0.311802089 0.073756129 0.936223090
1341846665.698060 -0.425024062 0.021926768 0.089389384 -0.148444086 0.309540451 0.076069556 0.936142325
1341846665.730361 -0.426609755 0.022166763 0.087106936 -0.151379600 0.308853924 0.075436264 0.935950220
1341846665.766193 -0.430250108 0.018819503 0.087257028 -0.155944631 0.311014056 0.077400722 0.934323609
1341846665.798338 -0.440162659 0.032142885 0.088493749 -0.156545341 0.313320398 0.078448601 0.933364689
1341846665.834237 -0.433047652 0.037572872 0.080172107 -0.159600168 0.311319977 0.078174658 0.933539689
1341846665.866106 -0.438927501 0.029095396 0.079043239 -0.167308792 0.314090759 0.080801211 0.931034923
1341846665.898073 -0.430000305 0.032515645 0.076327309 -0.173653066 0.314477295 0.083267286 0.929524183
1341846665.934076 -0.439448833 0.044831954 0.075783327 -0.175540403 0.314438879 0.084972516 0.929028213
1341846665.966137 -0.437982589 0.039656989 0.075124323 -0.180686310 0.313882083 0.087167956 0.928026021
1341846665.998149 -0.434034556 0.034664914 0.069647253 -0.185802221 0.315648794 0.088162117 0.926321089
1341846666.034210 -0.433181942 0.048057124 0.064833447 -0.182276115 0.314242959 0.090593182 0.927264571
1341846666.072502 -0.438453555 0.025157645 0.074713916 -0.187776342 0.315083593 0.092888065 0.925653398
1341846666.134147 -0.433834314 0.002495460 0.073668599 -0.199181050 0.315700293 0.099068671 0.922412932
1341846666.166356 -0.445252061 0.017211817 0.080885634 -0.198176846 0.316951007 0.096678831 0.922453880
1341846666.202327 -0.452415705 0.038484372 0.083762109 -0.196395352 0.319668859 0.097457796 0.921814859
1341846666.234319 -0.444445848 0.041028731 0.079223908 -0.198554859 0.316395998 0.098110534 0.922411978
1341846666.266322 -0.450143725 0.030154392 0.081396498 -0.204758316 0.314656943 0.100944012 0.921344280
1341846666.302195 -0.456175834 0.009743392 0.083288372 -0.219590068 0.316435575 0.108030207 0.916503251
1341846666.335080 -0.441811472 0.022479013 0.080769487 -0.228468612 0.313003361 0.108573504 0.915446818
1341846666.370216 -0.453684807 0.032524087 0.090850100 -0.231998816 0.311670154 0.110791236 0.914747834
1341846666.402019 -0.449596405 0.035390593 0.083476283 -0.236890167 0.310438961 0.114505306 0.913454533
1341846666.434088 -0.447400570 0.032980904 0.085832484 -0.242499575 0.310898393 0.117991410 0.911380351
1341846666.470060 -0.452999324 0.038266048 0.089138985 -0.241885185 0.309298933 0.121414602 0.911638200
1341846666.502190 -0.450953186 0.049757421 0.083570547 -0.244064912 0.308656245 0.125634491 0.910702825
1341846666.534121 -0.443397135 0.025780946 0.084355861 -0.258926928 0.308608264 0.133206934 0.905524015
1341846666.570131 -0.431728512 0.025259703 0.079093553 -0.266494840 0.304862678 0.135688171 0.904227853
1341846666.602180 -0.436988831 0.036081530 0.088372789 -0.270334005 0.305734247 0.138537496 0.902359962
1341846666.638072 -0.437962323 0.037792616 0.089100070 -0.276782423 0.306536734 0.139957950 0.899910271
1341846666.670134 -0.437623173 0.030363470 0.085512660 -0.280066371 0.303660721 0.143227339 0.899354756
1341846666.738266 -0.445945710 0.028431810 0.084002309 -0.284423769 0.301868677 0.145104155 0.898289084
1341846666.770390 -0.435182899 0.033545308 0.084258877 -0.285715282 0.298128128 0.147204623 0.898786545
1341846666.802119 -0.444566607 0.031565584 0.095154986 -0.286631435 0.297557890 0.149816841 0.898252010
1341846666.838108 -0.436403513 0.041015558 0.081483983 -0.285862625 0.293689847 0.152351052 0.899343133
1341846666.870483 -0.448931992 0.046933912 0.087156743 -0.287399143 0.295684159 0.153447181 0.898012578
1341846666.906019 -0.457487226 0.042522855 0.084830023 -0.290524960 0.294861764 0.154675633 0.897065878
1341846666.937989 -0.452714711 0.043322794 0.078229204 -0.294081062 0.291026115 0.155391306 0.897036016
1341846666.970036 -0.445961803 0.046553984 0.073449001 -0.297315300 0.289028525 0.154967695 0.896688998
1341846667.006200 -0.460367620 0.040062591 0.082583107 -0.301239997 0.291764885 0.153812230 0.894689620
1341846667.038153 -0.472235680 0.045008451 0.078690477 -0.302304476 0.289485395 0.153139696 0.895186245
1341846667.074153 -0.450628817 0.131707698 0.034921523 -0.293919951 0.280688256 0.148115620 0.901602387
1341846667.106156 -0.468531907 0.038406633 0.083590090 -0.317981035 0.287543148 0.152309030 0.890510499
1341846667.138108 -0.467062831 0.028395057 0.088415764 -0.319800496 0.284122497 0.152042031 0.891002417
1341846667.174105 -0.445451230 0.043302290 0.068768516 -0.316018850 0.278330356 0.149912819 0.894533634
1341846667.206107 -0.459799200 0.028716721 0.075784169 -0.318111509 0.284481585 0.145585835 0.892569363
1341846667.238075 -0.471644759 0.024151616 0.083516851 -0.314876854 0.286848962 0.141590714 0.893600762
1341846667.274016 -0.424811751 -0.010207184 0.062054515 -0.316033810 0.277935952 0.137951702 0.896573246
1341846667.306189 -0.411083549 0.026082449 0.044906408 -0.302072138 0.278516561 0.130086109 0.902362764
1341846667.342253 -0.480760217 0.231644869 0.012325704 -0.249587804 0.286652565 0.116837367 0.917543054
1341846667.374345 -0.523123145 0.115516633 0.063161910 -0.262364864 0.296778411 0.115786314 0.910868108
1341846667.406982 -0.496385276 -0.000947647 0.069989368 -0.279035270 0.296014249 0.112906002 0.906513691
1341846667.442109 -0.542847395 -0.009916469 0.078702495 -0.268827498 0.305005610 0.110039145 0.906970084
1341846667.474109 -0.505468845 -0.042136684 0.081888899 -0.262822658 0.298201233 0.106682323 0.911383092
1341846667.506006 -0.521978438 -0.020780273 0.084368587 -0.248204857 0.303854436 0.097069040 0.914682686
1341846667.542298 -0.474979281 -0.132671401 0.109069869 -0.254913092 0.296670258 0.099496908 0.914935231
1341846667.574196 -0.483402193 -0.052122094 0.057775334 -0.224243999 0.294667035 0.091276072 0.924421251
1341846667.610099 -0.550323963 0.071677074 0.063283667 -0.192024648 0.308316499 0.081784554 0.928104937
1341846667.642293 -0.540525556 0.083063856 0.049732715 -0.181332037 0.305886090 0.080589421 0.931159377
1341846667.674072 -0.553052723 0.073896952 0.060397863 -0.180107206 0.308856368 0.078473091 0.930597186
1341846667.710179 -0.550958991 0.072628312 0.064026535 -0.180697128 0.311891794 0.075803258 0.929691315
1341846667.742255 -0.544351399 0.075834893 0.061903447 -0.175779536 0.311738461 0.076042056 0.930665493
1341846667.774114 -0.548020601 0.068912573 0.056367844 -0.168951377 0.311134547 0.073601745 0.932326913
1341846667.810099 -0.556791306 0.060424127 0.071041226 -0.167533815 0.317229003 0.070999563 0.930729389
1341846667.842103 -0.557006955 0.066125654 0.075243995 -0.162507713 0.319875419 0.068457462 0.930905223
1341846667.878139 -0.544865608 0.086334817 0.053496540 -0.148465067 0.316061616 0.066527851 0.934685647
1341846667.910558 -0.568972528 0.063159555 0.079748809 -0.148586854 0.325787723 0.063592710 0.931525767
1341846667.942116 -0.562863350 0.056247465 0.083230555 -0.145579129 0.328364223 0.062447395 0.931173444
1341846667.978287 -0.561562300 0.031541958 0.083553195 -0.141490683 0.328180254 0.064067833 0.931758285
1341846668.010215 -0.584498644 0.026728421 0.113601774 -0.136029169 0.337537676 0.059268314 0.929543793
1341846668.046247 -0.575633764 0.040506214 0.107506543 -0.125438109 0.339499384 0.055059992 0.930577159
1341846668.078111 -0.577766597 0.040757112 0.108537421 -0.115655445 0.340275794 0.054772720 0.931577206
1341846668.110130 -0.578555822 0.022388056 0.116908759 -0.112553060 0.344412178 0.052836485 0.930548429
1341846668.146332 -0.570107222 0.026627690 0.108073905 -0.104396537 0.345252067 0.049683191 0.931361377
1341846668.178208 -0.574136376 0.033021860 0.106896102 -0.090529539 0.343744874 0.048952740 0.933406353
1341846668.211262 -0.578428805 0.022086017 0.127898306 -0.081521586 0.347489446 0.045402259 0.933029413
1341846668.246163 -0.584554553 -0.008215353 0.124358684 -0.074237972 0.349691242 0.044668201 0.932850182
1341846668.278397 -0.587750435 -0.010987779 0.129739076 -0.061826035 0.349067003 0.044219885 0.934009790
1341846668.314248 -0.584145069 -0.006848691 0.136506394 -0.052231882 0.350062251 0.040185407 0.934405327
1341846668.346231 -0.571835399 0.002504226 0.112740040 -0.043537922 0.347691417 0.041235913 0.935689449
1341846668.378099 -0.568974972 -0.027902454 0.124515310 -0.042938307 0.347264796 0.042903911 0.935800552
1341846668.414247 -0.574431360 0.004492521 0.126118317 -0.031332176 0.348951340 0.037656948 0.935859561
1341846668.445965 -0.571538448 -0.000853758 0.128776997 -0.024145566 0.349578381 0.037615418 0.935840249
1341846668.478153 -0.595676243 -0.039786160 0.149778619 -0.012181875 0.352612406 0.035090830 0.935031950
1341846668.514213 -0.583966494 -0.002332259 0.116141945 0.007875565 0.347483486 0.027506892 0.937249482
1341846668.546115 -0.567761838 -0.001023673 0.113744408 0.014114259 0.345862716 0.025906520 0.937821209
1341846668.582467 -0.561792254 -0.003352221 0.113325387 0.019885568 0.344891131 0.022265473 0.938167870
1341846668.614140 -0.585240722 -0.010090934 0.125742719 0.031634122 0.350288123 0.014363214 0.935997427
1341846668.646312 -0.575415790 0.018831629 0.118108511 0.046873059 0.347255200 0.009273619 0.936552584
1341846668.682455 -0.585004568 0.010861306 0.127446413 0.051243771 0.347147018 0.004535452 0.936398685
1341846668.714133 -0.587811828 -0.016144879 0.120687217 0.059508499 0.344566524 0.002180686 0.936871350
1341846668.746132 -0.587222040 0.017405916 0.120533049 0.072251365 0.342174232 -0.003504929 0.936848044
1341846668.782338 -0.590470374 0.046258055 0.121858507 0.075220652 0.342411846 -0.005398351 0.936518490
1341846668.814140 -0.577608466 0.023813924 0.123076305 0.071220368 0.342001289 -0.003515428 0.936990082
1341846668.850214 -0.580922484 0.030250095 0.121338040 0.071933426 0.341068298 -0.003301611 0.937276363
1341846668.882442 -0.579629481 0.032934282 0.117860630 0.069363408 0.339639932 -0.004270803 0.937984645
1341846668.914289 -0.579888046 0.024027394 0.121085912 0.066734858 0.339126736 -0.005913306 0.938352048
1341846668.950088 -0.582697213 0.023929825 0.121460751 0.067841224 0.336077034 -0.007899162 0.939354777
1341846668.982227 -0.581156790 0.056080353 0.119363099 0.066075288 0.333034039 -0.013403685 0.940501332
1341846669.014062 -0.588476539 0.040862892 0.118886590 0.054619391 0.332467377 -0.015232936 0.941408575
1341846669.050056 -0.590765655 0.034585506 0.129231423 0.048757304 0.330011457 -0.017895157 0.942547023
1341846669.082525 -0.586385012 0.046084434 0.118218631 0.043299198 0.325103611 -0.023568442 0.944392562
1341846669.118346 -0.590121210 0.048437033 0.114594087 0.031399835 0.324401945 -0.030177571 0.944916248
1341846669.150086 -0.593491077 0.038971059 0.131158665 0.022965673 0.323463351 -0.035591740 0.945292175
1341846669.182477 -0.584257066 0.042691074 0.122017339 0.019889068 0.318255335 -0.041646644 0.946880937
1341846669.218046 -0.579902351 0.053330682 0.112700567 0.011861881 0.317557633 -0.048501730 0.946923435
1341846669.250205 -0.581106782 0.047589771 0.125193670 0.005898308 0.316914648 -0.050993532 0.947063863
1341846669.286114 -0.580969810 0.050691284 0.121793121 0.003688008 0.314878553 -0.056943145 0.947415113
1341846669.318030 -0.573856235 0.052438200 0.114681706 0.000337290 0.314731866 -0.061007738 0.947217882
1341846669.350255 -0.582988739 0.042405929 0.121209264 -0.003985105 0.314179093 -0.064325869 0.947173595
1341846669.418200 -0.580157518 0.057024516 0.111772597 -0.017363815 0.310405076 -0.082999922 0.946814775
1341846669.450219 -0.581752360 0.055987012 0.121424854 -0.023773298 0.309883356 -0.091348365 0.946077466
1341846669.486175 -0.578037381 0.061084554 0.103125930 -0.029958511 0.305159748 -0.100889467 0.946467817
1341846669.518033 -0.574068248 0.070490442 0.100558683 -0.039331853 0.306776911 -0.111965075 0.944354177
1341846669.554159 -0.574593365 0.064080536 0.114755914 -0.047960911 0.308808416 -0.118447907 0.942500532
1341846669.586348 -0.576718807 0.068686992 0.104134709 -0.054441299 0.306909293 -0.125858724 0.941808045
1341846669.617976 -0.582525969 0.063133456 0.090102628 -0.066194370 0.309098572 -0.132424816 0.939436018
1341846669.654096 -0.581781864 0.060135815 0.108970791 -0.072920971 0.313727587 -0.138445273 0.936531067
1341846669.686069 -0.577904224 0.056466430 0.107345715 -0.074959047 0.313780785 -0.143541396 0.935584664
1341846669.718075 -0.585978866 0.065535791 0.087700158 -0.079063252 0.314839542 -0.150234312 0.933838725
1341846669.754171 -0.581947744 0.065975286 0.085438281 -0.088157035 0.317020744 -0.156923711 0.931182683
1341846669.786139 -0.581002176 0.063477680 0.096348464 -0.095159166 0.319712400 -0.162304997 0.928647280
1341846669.822151 -0.581702709 0.069363996 0.094140381 -0.099111117 0.320669323 -0.169599280 0.926598191
1341846669.854118 -0.581967831 0.074634723 0.088091210 -0.106494874 0.321419865 -0.175745502 0.924370944
1341846669.886219 -0.575229645 0.069373131 0.089773044 -0.115340598 0.322389245 -0.183019146 0.921556175
1341846669.922050 -0.583204448 0.067411095 0.103877664 -0.121135995 0.325711221 -0.189745054 0.918278277
1341846669.954047 -0.578910828 0.077868864 0.075117379 -0.125144333 0.324130774 -0.195155159 0.917165518
1341846669.986285 -0.582553625 0.069847308 0.081647903 -0.136905134 0.327644855 -0.202258795 0.912686825
1341846670.022242 -0.580130339 0.068105482 0.100836694 -0.143818155 0.332125992 -0.210678428 0.908087671
1341846670.054135 -0.576857090 0.074528739 0.085281953 -0.146924406 0.332816511 -0.215121344 0.906294227
1341846670.090228 -0.580349267 0.072061874 0.079230621 -0.155819461 0.334928095 -0.223279566 0.902047515
1341846670.121996 -0.589417458 0.065665893 0.082990780 -0.164878368 0.339879394 -0.233250380 0.896042049
1341846670.154057 -0.577930927 0.069245085 0.075567067 -0.170221016 0.341864616 -0.239564762 0.892615318
1341846670.190103 -0.588217020 0.068588205 0.086374074 -0.178040490 0.345902354 -0.247673929 0.887305319
1341846670.222197 -0.581497729 0.067305066 0.084263891 -0.183278382 0.347991675 -0.258019805 0.882460535
1341846670.258571 -0.573648095 0.067477182 0.062184930 -0.186121315 0.349609464 -0.264309078 0.879359305
1341846670.290254 -0.570017755 0.079074614 0.080035761 -0.187920704 0.353573978 -0.268935233 0.875982404
1341846670.358377 -0.598104000 0.073335908 0.096342564 -0.195450082 0.369671017 -0.287441075 0.861696124
1341846670.390114 -0.568346262 0.064667612 0.053942636 -0.194402158 0.367869675 -0.294169933 0.860432327
1341846670.422206 -0.518572330 0.058004402 0.010225430 -0.188855290 0.363554239 -0.301850885 0.860841453
1341846670.464003 -0.555567861 0.070896417 0.055729359 -0.188282624 0.381126404 -0.314501673 0.848752618
1341846670.526271 -0.585722327 0.065209292 0.077851534 -0.189708680 0.399402827 -0.325700700 0.835707545
1341846670.566977 -0.584168196 0.072042793 0.078243136 -0.187865898 0.403465122 -0.329609126 0.832634449
1341846670.596103 -0.583667636 0.066347927 0.074975729 -0.187566414 0.405163616 -0.335290372 0.829603374
1341846670.628412 -0.587784111 0.065299988 0.077372283 -0.187015027 0.408238560 -0.340675980 0.826018512
1341846670.664027 -0.591964841 0.054593373 0.084975153 -0.187447831 0.411856055 -0.348204464 0.820969880
1341846670.696002 -0.607016206 0.052322075 0.078891248 -0.183936030 0.417613208 -0.354529232 0.816134632
1341846670.728093 -0.601616681 0.053220488 0.074469596 -0.179207891 0.420717359 -0.361039966 0.812730908
1341846670.764128 -0.598406911 0.058071513 0.079415977 -0.176436767 0.426467806 -0.368220180 0.807099223
1341846670.796059 -0.608304024 0.050093167 0.092130095 -0.175152391 0.433693171 -0.376099855 0.799862981
1341846670.832246 -0.608621240 0.046736512 0.070196062 -0.167435840 0.435829639 -0.379055351 0.798958600
1341846670.863970 -0.602651477 0.050515406 0.071644157 -0.161097214 0.436923891 -0.377545267 0.800377905
1341846670.896139 -0.602891803 0.026377779 0.095606953 -0.160756856 0.442388803 -0.379870176 0.796334147
1341846670.932028 -0.581356406 0.041008681 0.085775986 -0.145238772 0.447392434 -0.378180355 0.797323883
1341846670.964063 -0.591359377 0.044405121 0.069986403 -0.132740557 0.449135154 -0.375852913 0.799620032
1341846671.000270 -0.608136833 0.037058525 0.064204723 -0.127215549 0.450170249 -0.377314448 0.799247622
1341846671.032112 -0.622200608 0.017122716 0.079668880 -0.125138044 0.456814587 -0.385394216 0.791916728
1341846671.064030 -0.601207674 0.027233154 0.080766186 -0.115492992 0.458799958 -0.390400499 0.789779305
1341846671.101398 -0.610176146 0.025867410 0.078476429 -0.111062847 0.459221542 -0.397617072 0.786562979
1341846671.132289 -0.615886748 0.006482944 0.075552881 -0.107139803 0.459772319 -0.410739392 0.780015171
1341846671.168159 -0.583236217 0.023233660 0.085127175 -0.091788329 0.457404137 -0.415736407 0.780717373
1341846671.200149 -0.612277746 0.014301248 0.066282541 -0.084051751 0.453488678 -0.419652790 0.781776726
1341846671.232280 -0.628847241 0.006566212 0.064883173 -0.078882903 0.452072412 -0.433342725 0.775643051
1341846671.268147 -0.631896138 0.011110172 0.070925504 -0.070154876 0.455641776 -0.436230928 0.772768676
1341846671.300337 -0.613436282 0.017754793 0.069923639 -0.059456196 0.451594204 -0.436293364 0.775999784
1341846671.336125 -0.630796432 0.011409014 0.063701183 -0.057399843 0.449403077 -0.444177389 0.772947967
1341846671.368236 -0.627120614 0.010909319 0.053307623 -0.051918902 0.448675632 -0.448049515 0.771522045
1341846671.400327 -0.613797545 0.011907011 0.052687049 -0.046845932 0.444103956 -0.451300561 0.772596240
1341846671.436064 -0.629040956 0.006406248 0.045796186 -0.045266110 0.440574527 -0.458417535 0.770518303
1341846671.468197 -0.628068089 0.004085124 0.034329563 -0.042282145 0.438645363 -0.465169162 0.767736971
1341846671.504294 -0.599231005 0.019221790 0.036785394 -0.036914963 0.431905627 -0.468084812 0.770059347
1341846671.536197 -0.633247674 0.006255403 0.050501198 -0.039891299 0.426621258 -0.480947971 0.764913082
1341846671.568120 -0.629065037 0.004256085 0.050704420 -0.035295170 0.421904385 -0.490072012 0.761958182
1341846671.604188 -0.611208498 0.004006878 0.044100508 -0.030904206 0.414475143 -0.496735483 0.761911511
1341846671.636057 -0.599022985 0.011679463 0.030409411 -0.023809137 0.403257549 -0.506297112 0.761892200
1341846671.672157 -0.631702185 0.001960218 0.057494104 -0.019852521 0.398747325 -0.514134884 0.759125650
1341846671.704027 -0.628021300 0.002691820 0.038947761 -0.017863104 0.393457174 -0.517196119 0.759855509
1341846671.736479 -0.636769652 -0.000728756 0.029534847 -0.021404510 0.389314502 -0.524259269 0.757052302
1341846671.774745 -0.637984335 -0.001708925 0.048140883 -0.022206962 0.386618078 -0.529541850 0.754730940
1341846671.804605 -0.628721893 0.001412541 0.043828666 -0.019413423 0.380724132 -0.531174600 0.756654441
1341846671.840252 -0.635230064 0.004134029 0.062919825 -0.022753298 0.377568901 -0.537971795 0.753332794
1341846671.872106 -0.650052428 -0.001768067 0.050680771 -0.023830323 0.374982536 -0.542933345 0.751028359
1341846671.904035 -0.633893132 0.007089533 0.054423168 -0.022840286 0.372248352 -0.545000076 0.750922322
1341846671.972239 -0.639185905 0.002829082 0.062975958 -0.029105661 0.369295567 -0.555985689 0.744078875
1341846672.034218 -0.646679521 0.003335573 0.052924827 -0.034346409 0.363486737 -0.566085696 0.739083767
1341846672.066227 -0.640763998 0.004611596 0.076203108 -0.036551021 0.363209814 -0.571724415 0.734761000
1341846672.098024 -0.638806641 0.003963977 0.062605575 -0.038245793 0.359516621 -0.575259924 0.733730853
1341846672.134061 -0.648748219 0.000508994 0.052473024 -0.040865544 0.356025100 -0.580359995 0.731271744
1341846672.166000 -0.655978143 -0.002500728 0.046975642 -0.044177197 0.355334610 -0.585651100 0.727185249
1341846672.198405 -0.647548318 0.001482658 0.057588890 -0.044835318 0.354518324 -0.588579178 0.725176573
1341846672.234130 -0.646862864 0.002956614 0.066651255 -0.044883799 0.352045268 -0.592079401 0.723527253
1341846672.266403 -0.652352214 -0.003680386 0.058198452 -0.044223290 0.349822640 -0.595954537 0.721461415
1341846672.302710 -0.645225942 0.001262955 0.048866704 -0.043980971 0.348447144 -0.596820056 0.721426427
1341846672.335022 -0.653221726 -0.000349954 0.046581417 -0.047257192 0.346613616 -0.599027038 0.720272422
1341846672.366487 -0.647140503 -0.001184635 0.062659949 -0.047729615 0.347059578 -0.601278782 0.718147159
1341846672.402478 -0.651933372 -0.001572616 0.052777231 -0.046561088 0.346909016 -0.601725757 0.717922151
1341846672.434330 -0.649519861 -0.000029117 0.053225264 -0.046548091 0.346927583 -0.600909531 0.718597412
1341846672.472323 -0.648996234 -0.003665365 0.057646081 -0.046070971 0.347163051 -0.599682868 0.719538510
1341846672.534812 -0.645847201 0.000303753 0.045241967 -0.044574469 0.344639838 -0.597227693 0.722880065
1341846672.570153 -0.645181954 0.001370527 0.051384568 -0.047467664 0.344193906 -0.596724927 0.723323405
1341846672.608881 -0.645886719 0.002247646 0.059272096 -0.047010563 0.343147010 -0.595941246 0.724495828
1341846672.640836 -0.637443185 0.005692057 0.042030096 -0.044809826 0.340589583 -0.590405405 0.730350792
1341846672.708152 -0.635383248 0.003379069 0.056128263 -0.041897532 0.339404106 -0.579832077 0.739489138
1341846672.770288 -0.631294072 0.004994258 0.056896046 -0.032009192 0.337045223 -0.560746193 0.755605459
1341846672.803280 -0.635043204 0.003241181 0.058808893 -0.027455850 0.335842818 -0.552404881 0.762433350
1341846672.838034 -0.632722139 0.007376030 0.064584777 -0.022747053 0.334353805 -0.543602586 0.769536376
1341846672.870092 -0.630897820 0.006478533 0.062709689 -0.019798787 0.331048697 -0.537018001 0.775645792
1341846672.902275 -0.626586378 0.009434983 0.066690698 -0.016345339 0.329164743 -0.529653728 0.781569123
1341846672.938315 -0.622612774 0.013178430 0.066609114 -0.013409427 0.326432228 -0.521199524 0.788424551
1341846672.970326 -0.623755515 0.015447795 0.062111408 -0.011465395 0.324157000 -0.512204587 0.795259237
1341846673.008221 -0.627591968 0.017855756 0.054222509 -0.010156423 0.322728187 -0.503552258 0.801360369
1341846673.070235 -0.628421068 0.013368450 0.064249575 -0.009745800 0.322165996 -0.483018249 0.814129889
1341846673.106189 -0.621516824 0.015275672 0.071029440 -0.003332739 0.320264548 -0.470165163 0.822413683
1341846673.138104 -0.616951883 0.017380990 0.077498853 0.002883866 0.317535877 -0.458149582 0.830217838
1341846673.170298 -0.621241927 0.013143122 0.067736119 0.005596363 0.315098107 -0.449283987 0.835958004
1341846673.206489 -0.621123016 0.011944070 0.082922205 0.010449707 0.313460410 -0.440865904 0.840993822
1341846673.238153 -0.621857882 0.012768701 0.071059614 0.016142782 0.309136987 -0.431695759 0.847238123
1341846673.274220 -0.624228418 0.008947842 0.077712789 0.019430954 0.307663977 -0.425262660 0.850950599
1341846673.306107 -0.623104811 0.008237839 0.072744772 0.025688350 0.304773062 -0.417550027 0.855631590
1341846673.338187 -0.625632226 0.007020608 0.082118258 0.031026553 0.302627712 -0.408849865 0.860404372
1341846673.374098 -0.625631809 0.004637338 0.067253053 0.036915999 0.300164938 -0.400524497 0.864938378
1341846673.406266 -0.619098067 0.007282540 0.069178030 0.044177219 0.298877120 -0.389967889 0.869853973
1341846673.438267 -0.620397449 0.001940437 0.080618501 0.051320933 0.295661449 -0.378286839 0.875699401
1341846673.474135 -0.626914918 0.001199663 0.065083623 0.059224680 0.293502957 -0.366863698 0.880772054
1341846673.506260 -0.625080168 0.004240327 0.068348154 0.066786483 0.291206956 -0.354316473 0.886113942
1341846673.542168 -0.615323484 0.010730058 0.073456943 0.072393321 0.286180705 -0.342019975 0.892122269
1341846673.574072 -0.619808316 0.008598745 0.078363225 0.074444480 0.283660293 -0.333454639 0.895992696
1341846673.606102 -0.621167243 0.014308073 0.071530178 0.078513481 0.279701948 -0.321931601 0.901089609
1341846673.648026 -0.625404358 0.023126371 0.070264339 0.080650538 0.274656564 -0.311064482 0.906255007
1341846673.710162 -0.623604774 0.021246076 0.067232296 0.079226106 0.265252084 -0.285246164 0.917605102
1341846673.742225 -0.616120815 0.028870896 0.068141431 0.081693433 0.258628041 -0.269018948 0.924157202
1341846673.774298 -0.624355495 0.025456406 0.077981979 0.082702547 0.253875822 -0.256055087 0.929054976
1341846673.810154 -0.617601395 0.032470521 0.081534863 0.086604841 0.248095408 -0.240131661 0.934497237
1341846673.842305 -0.627886415 0.033285983 0.072442204 0.087485112 0.242590234 -0.227217570 0.939078569
1341846673.874285 -0.615708768 0.039279748 0.076310292 0.088360287 0.237409741 -0.215708658 0.943026423
1341846673.910253 -0.617513657 0.045495216 0.086096525 0.087537415 0.235576808 -0.203114793 0.946353614
1341846673.942284 -0.617517233 0.039658915 0.092928156 0.087558471 0.232090592 -0.193257228 0.949272931
1341846673.978434 -0.610385299 0.030029785 0.093093410 0.088758007 0.230470896 -0.184409633 0.951313972
1341846674.016486 -0.615396261 0.031314045 0.089988083 0.092906162 0.231133491 -0.175808683 0.952384949
1341846674.052060 -0.620323539 0.032569870 0.091641650 0.095739625 0.230803624 -0.166866392 0.953792036
1341846674.084057 -0.613708138 0.033766784 0.082524255 0.099017672 0.229467511 -0.158863544 0.955145299
1341846674.152235 -0.624415398 0.037517443 0.087152302 0.096081980 0.231527597 -0.142723009 0.957493246
1341846674.210322 -0.612967014 0.053388860 0.060280174 0.097016379 0.230326816 -0.124631315 0.960210621
1341846674.246217 -0.619124413 0.043272406 0.091645762 0.093839310 0.232121214 -0.116050631 0.961169124
1341846674.278035 -0.613163352 0.037007932 0.092528552 0.096790031 0.229428366 -0.107392855 0.962528467
1341846674.310117 -0.615986526 0.050146475 0.079406515 0.100528523 0.227784842 -0.097930513 0.963544309
1341846674.346212 -0.617866457 0.042968959 0.074049249 0.099114791 0.227636114 -0.090485938 0.964453399
1341846674.378058 -0.619624555 0.036269866 0.088776141 0.102114238 0.229510441 -0.081522614 0.964495540
1341846674.410162 -0.622558892 0.050106522 0.087714791 0.106024750 0.229157999 -0.074042849 0.964760602
1341846674.446125 -0.614251494 0.048687272 0.085892126 0.105401635 0.227931201 -0.066448368 0.965672016
1341846674.478198 -0.614454508 0.046026591 0.089115575 0.107281096 0.228668034 -0.060628984 0.965673745
1341846674.514124 -0.622999370 0.051500544 0.076352105 0.108323194 0.228789493 -0.056707937 0.965766847
1341846674.546062 -0.616169155 0.052601568 0.090007499 0.109028876 0.227774516 -0.052753683 0.966151416
1341846674.578094 -0.607260227 0.051764313 0.082998425 0.110644802 0.226651773 -0.047454342 0.966506481
1341846674.614179 -0.619883776 0.054541636 0.078133732 0.110378340 0.229435116 -0.043524824 0.966065049
1341846674.682209 -0.607291400 0.046647858 0.090326115 0.116619304 0.226367667 -0.028226221 0.966623425
1341846674.714186 -0.611194015 0.058719058 0.091139868 0.121016800 0.226780295 -0.021349020 0.966162443
1341846674.752271 -0.615188718 0.055841822 0.096057951 0.123236433 0.226391286 -0.012373932 0.966129720
1341846674.814222 -0.611752927 0.054985654 0.090409070 0.126652852 0.226089284 0.002525608 0.965834498
1341846674.846370 -0.615481794 0.058173764 0.085713074 0.129301742 0.226056635 0.009544084 0.965447247
1341846674.882158 -0.617079139 0.062509954 0.087934777 0.131106719 0.225883096 0.016054673 0.965158045
1341846674.914224 -0.609465539 0.069493495 0.088506848 0.131739601 0.224554420 0.022881035 0.965244234
1341846674.950305 -0.620716214 0.062960818 0.085675016 0.129899532 0.225432023 0.029160921 0.965119779
1341846674.982342 -0.627736926 0.073159963 0.080948189 0.128318772 0.223602191 0.032713261 0.965642869
1341846675.014137 -0.615644038 0.096732251 0.098454118 0.123237364 0.220964462 0.036090542 0.966790915
1341846675.050230 -0.607217669 0.084885240 0.099261537 0.114681996 0.218915761 0.043275982 0.968014002
1341846675.088201 -0.616289973 0.089740485 0.085971117 0.109891765 0.219019860 0.047120832 0.968366504
1341846675.150188 -0.614783883 0.129635870 0.101663977 0.094218813 0.220021784 0.059417121 0.969114423
1341846675.182290 -0.634331226 0.090359986 0.064543396 0.073182844 0.223965347 0.062683471 0.969821930
1341846675.218759 -0.607993484 0.094699904 0.095682994 0.068119176 0.222608432 0.067475475 0.970181584
1341846675.251951 -0.601973295 0.095286064 0.103992954 0.062773176 0.221917763 0.070422225 0.970490992
1341846675.282406 -0.603279471 0.084387489 0.095595285 0.059245832 0.222581238 0.076612689 0.970091760
1341846675.318078 -0.630612075 0.093628615 0.078436837 0.057219088 0.227974534 0.079755493 0.968706667
1341846675.350149 -0.630981088 0.097299963 0.039784521 0.049588457 0.227886155 0.084511973 0.968744874
1341846675.382271 -0.616849840 0.085007630 0.053967237 0.037530236 0.229559347 0.086396903 0.968725741
1341846675.450238 -0.585346222 0.068923607 0.119949520 0.033170499 0.237356544 0.096618526 0.966036439
1341846675.486165 -0.600738585 0.058484159 0.133706391 0.043872003 0.242118597 0.104038581 0.963654399
1341846675.518083 -0.607908487 0.060550399 0.136973023 0.054735146 0.244169906 0.107942976 0.962150395
1341846675.550092 -0.616110086 0.072119579 0.146178305 0.066500120 0.244826004 0.113235399 0.960632980
1341846675.586070 -0.612431705 0.070694372 0.144179657 0.070410967 0.245404974 0.115373150 0.959951937
1341846675.618075 -0.623576164 0.067707926 0.149846077 0.076403730 0.250020295 0.116902411 0.958115935
1341846675.650024 -0.606069565 0.066475309 0.147879690 0.082100756 0.247400150 0.117478818 0.958254337
1341846675.686118 -0.599068165 0.069143459 0.148289099 0.085919410 0.245857567 0.115640007 0.958540201
1341846675.718055 -0.600445986 0.067729108 0.146075860 0.089364819 0.249101147 0.112566367 0.957753301
1341846675.754170 -0.612012923 0.067365423 0.152043059 0.095554471 0.252709210 0.108709835 0.956655443
1341846675.786330 -0.603850782 0.075484507 0.155123085 0.100206576 0.253291667 0.106417812 0.956283033
1341846675.818106 -0.592356384 0.071025811 0.136198014 0.101570085 0.254944772 0.104151882 0.955949306
1341846675.854095 -0.601288199 0.072140031 0.147972405 0.105829798 0.258919030 0.101620838 0.954690635
1341846675.886163 -0.597757161 0.065208219 0.140083551 0.111641854 0.256807208 0.102118909 0.954545915
1341846675.922346 -0.589368343 0.071020246 0.134086609 0.121688627 0.256341130 0.099315599 0.953738689
1341846675.961651 -0.599101603 0.063609704 0.133785903 0.128111705 0.258712858 0.094508484 0.952745080
1341846676.028080 -0.580385566 0.052094486 0.099981412 0.147052050 0.252711266 0.088138402 0.952231228
1341846676.122163 -0.597710252 0.092804015 0.087530971 0.153271943 0.250245303 0.074510284 0.953065157
1341846676.154447 -0.582050860 0.080048941 0.082006142 0.149931893 0.249158904 0.075602062 0.953794837
1341846676.190230 -0.578716278 0.091634229 0.074746549 0.151355714 0.246475562 0.074808642 0.954329550
1341846676.222476 -0.575181067 0.116519898 0.052894160 0.147143349 0.246110871 0.072814859 0.955236256
1341846676.257017 -0.565402865 0.108696476 0.065325245 0.139417484 0.249415547 0.073566996 0.955480278
1341846676.290401 -0.556358099 0.101599693 0.054587290 0.137067661 0.248512506 0.075597100 0.955896974
1341846676.322689 -0.550645709 0.123022631 0.031628892 0.135288566 0.249127313 0.074277490 0.956093848
1341846676.360815 -0.560565770 0.161068350 -0.007087678 0.128991425 0.252373785 0.077789649 0.955833375
1341846676.390851 -0.547154129 0.108872026 0.010712400 0.113544576 0.256310105 0.078364946 0.956698298
1341846676.424250 -0.539690852 0.102300584 -0.009713382 0.115403965 0.257518768 0.080562487 0.955968440
1341846676.459033 -0.533292532 0.133757085 -0.028251335 0.116964757 0.259571254 0.082958385 0.955018282
1341846676.490669 -0.529042721 0.124833852 -0.027725935 0.112154737 0.263126075 0.085686184 0.954381406
1341846676.532743 -0.517838120 0.127740026 -0.035712749 0.111348808 0.266185820 0.085350119 0.953657150
1341846676.564052 -0.518940210 0.142475337 -0.039588735 0.110982709 0.270064771 0.086985685 0.952460647
1341846676.596566 -0.523926973 0.136385977 -0.036975890 0.106628865 0.273214251 0.087526307 0.952010155
1341846676.632057 -0.508563101 0.136283487 -0.050217718 0.104325585 0.274382472 0.085890569 0.952078402
1341846676.690079 -0.510670960 0.134178907 -0.057081312 0.102386102 0.279608458 0.083061941 0.951018870
1341846676.726102 -0.496172130 0.136488453 -0.064498454 0.102067813 0.281747103 0.080674596 0.950627387
1341846676.758419 -0.493578553 0.131787285 -0.066270992 0.103992060 0.284986317 0.080557562 0.949462414
1341846676.790227 -0.499676168 0.137070447 -0.068199173 0.105780587 0.286920279 0.079913072 0.948736608
1341846676.826179 -0.477771342 0.142306745 -0.078653783 0.105928175 0.288354307 0.078635871 0.948392034
1341846676.858331 -0.484022379 0.142606542 -0.077493861 0.107959554 0.292364776 0.079559751 0.946856797
1341846676.894086 -0.487178206 0.149378836 -0.080914766 0.109284826 0.291255623 0.080727860 0.946947753
1341846676.926062 -0.479125500 0.146256655 -0.086821035 0.107863307 0.291136056 0.079747662 0.947230518
1341846676.958080 -0.473622382 0.146127686 -0.085838720 0.108094014 0.292678088 0.080170609 0.946693122
1341846676.994140 -0.478698820 0.144184113 -0.089213520 0.109348983 0.291514397 0.081203334 0.946820021
1341846677.026242 -0.465895891 0.151956052 -0.092894152 0.110426255 0.289159834 0.080046453 0.947515309
1341846677.094244 -0.469692051 0.147459105 -0.093186989 0.107686624 0.289366096 0.080693260 0.947712779
1341846677.126108 -0.459650517 0.140186071 -0.098266199 0.108529881 0.286697805 0.080981098 0.948402703
1341846677.162066 -0.462230206 0.149137735 -0.098725632 0.111397550 0.287739068 0.079468556 0.947882652
1341846677.194068 -0.464485019 0.152816013 -0.097475111 0.110871173 0.287079424 0.079621375 0.948131561
1341846677.226206 -0.454591036 0.144253075 -0.110488951 0.109082386 0.285935938 0.079901442 0.948660910
1341846677.262033 -0.450813055 0.137972474 -0.110917404 0.111223012 0.288186312 0.080489360 0.947681189
1341846677.294125 -0.457190752 0.149305195 -0.107237890 0.113819435 0.287669420 0.080103695 0.947562575
1341846677.326503 -0.447733283 0.153045967 -0.114914536 0.112241775 0.286947995 0.079149239 0.948049605
1341846677.362194 -0.443135023 0.141740531 -0.113656282 0.111153156 0.289553434 0.079475231 0.947358131
1341846677.394280 -0.446147561 0.145579934 -0.112530679 0.113365456 0.289985985 0.079986230 0.946920633
1341846677.430058 -0.439628482 0.147169590 -0.118168116 0.113123894 0.290321589 0.079001673 0.946929276
1341846677.468326 -0.438066930 0.143944591 -0.120770276 0.113477096 0.293069482 0.078190491 0.946107507
1341846677.530161 -0.436196566 0.143938795 -0.124818906 0.117287099 0.295740485 0.075740919 0.945010364
1341846677.562051 -0.435612738 0.144533277 -0.123601198 0.117930427 0.298933119 0.074270047 0.944042027
1341846677.594105 -0.438072205 0.144553751 -0.121619895 0.118197344 0.300054252 0.073775031 0.943691730
1341846677.630227 -0.433052182 0.143397152 -0.123548150 0.118183322 0.300434202 0.072717875 0.943654656
1341846677.662033 -0.429985762 0.145269454 -0.124714956 0.119233929 0.301327467 0.072544329 0.943250954
1341846677.730320 -0.430527687 0.145326167 -0.126660421 0.118646249 0.301369786 0.072924435 0.943282187
1341846677.763691 -0.430133879 0.140062869 -0.126227841 0.119269051 0.302381068 0.073107176 0.942865789
1341846677.798630 -0.435975194 0.148591429 -0.122214854 0.120216630 0.301851690 0.071682334 0.943024457
1341846677.830104 -0.425721020 0.143822283 -0.129612446 0.118778974 0.300988972 0.071047813 0.943530262
1341846677.862185 -0.424149632 0.135577798 -0.130581558 0.119986437 0.303262919 0.069239102 0.942783535
1341846677.898344 -0.429298908 0.137155861 -0.127082363 0.123586997 0.303745955 0.068614990 0.942208350
1341846677.930181 -0.423892021 0.139891952 -0.135244876 0.125446573 0.302936465 0.067485385 0.942304790
1341846677.966256 -0.418764114 0.130194530 -0.136678874 0.126741931 0.304592282 0.066188261 0.941689491
1341846677.998516 -0.428236425 0.125044912 -0.137491241 0.131040499 0.304981142 0.065803796 0.941001952
1341846678.030368 -0.424735785 0.133958504 -0.139081150 0.134963349 0.302391082 0.065260515 0.941321194
1341846678.066187 -0.419530153 0.131529614 -0.147368073 0.135943115 0.302694827 0.063970521 0.941171110
1341846678.098076 -0.432529867 0.127740115 -0.143652037 0.137269258 0.304340720 0.063762717 0.940461695
1341846678.134082 -0.431977332 0.124366120 -0.149511099 0.138799906 0.301032126 0.063985035 0.941286445
1341846678.166092 -0.423635125 0.126990467 -0.150646806 0.139956802 0.300817281 0.062640563 0.941274226
1341846678.204293 -0.431138754 0.120302513 -0.150874123 0.140999898 0.301921368 0.063105501 0.940733850
1341846678.266209 -0.430615485 0.122446693 -0.154919297 0.145005196 0.298813492 0.061446972 0.941227019
1341846678.298316 -0.434615195 0.124415338 -0.155116260 0.145847946 0.298019379 0.061599139 0.941338599
1341846678.334135 -0.428128660 0.123404607 -0.155831799 0.145562261 0.295467168 0.061560769 0.942189515
1341846678.366593 -0.423651308 0.119197637 -0.159614295 0.146407291 0.295438409 0.060850341 0.942113698
1341846678.402292 -0.428131700 0.120798290 -0.156965882 0.148076430 0.295837104 0.060152140 0.941772521
1341846678.439991 -0.423836946 0.120656140 -0.161852464 0.148786724 0.295116186 0.060489174 0.941865146
