1341846316.034204 0.000000000 0.000000000 0.000000000 0.000000000 0.000000000 0.000000000 1.000000000
1341846316.066113 -0.006702795 0.001525270 0.002362371 0.002528667 0.000106287 0.000379263 0.999996722
1341846316.101867 -0.005944788 0.004550007 -0.005738455 0.003845798 -0.002228397 0.003176213 0.999985099
1341846316.134066 -0.021914659 0.010443406 -0.003044255 0.003759100 -0.003882051 -0.001151967 0.999984741
1341846316.202049 -0.040180553 0.001428851 -0.002200963 0.003510095 -0.007575847 -0.004628053 0.999954402
1341846316.233979 -0.037130311 0.002458140 -0.012659147 0.004132893 -0.009758344 -0.006989442 0.999919415
1341846316.270052 -0.049163744 0.000210330 -0.016184609 0.002973146 -0.007518196 -0.010756746 0.999909461
1341846316.301915 -0.049833037 -0.004101628 -0.009933673 0.003135130 -0.007361419 -0.010686855 0.999910891
1341846316.334208 -0.057910610 -0.000856576 -0.005926378 0.004950182 -0.008032358 -0.009442178 0.999910891
1341846316.370006 -0.062069140 -0.002519473 -0.011665452 0.006759315 -0.009532827 -0.008947150 0.999891698
1341846316.401994 -0.069747232 0.001055913 -0.011058070 0.008623465 -0.010009903 -0.006298725 0.999892890
1341846316.438069 -0.082291260 -0.004402866 -0.005567670 0.009969161 -0.009525563 -0.005182602 0.999891520
1341846316.470076 -0.073646180 -0.015708711 -0.006054008 0.012452956 -0.012883274 -0.001155132 0.999838769
1341846316.502034 -0.090841368 0.007864270 -0.031183012 0.017166637 -0.013385125 -0.000023475 0.999763072
1341846316.537975 -0.106492572 0.009696517 -0.026881631 0.014814532 -0.014874572 -0.002707158 0.999775946
1341846316.570121 -0.113126487 -0.000175029 -0.028605478 0.014126557 -0.015089297 -0.006657498 0.999764204
1341846316.601885 -0.117134176 -0.004311113 -0.023477793 0.015558116 -0.015997564 -0.006350710 0.999730825
1341846316.638009 -0.120397590 -0.004104122 -0.030290276 0.018138072 -0.017965021 -0.004669828 0.999663174
1341846316.669925 -0.128603473 -0.006367505 -0.027001157 0.020050839 -0.018431477 -0.005096355 0.999616086
1341846316.705941 -0.130313143 -0.010852202 -0.033369835 0.023799794 -0.018903857 -0.003774043 0.999530911
1341846316.738062 -0.141953111 -0.000449410 -0.038413204 0.026811274 -0.018926004 -0.000898169 0.999460936
1341846316.770433 -0.149544388 0.000460338 -0.043602534 0.025700428 -0.019566683 -0.000887626 0.999477804
1341846316.805932 -0.152469680 -0.009598194 -0.033284441 0.025321016 -0.020282049 -0.001329465 0.999472737
1341846316.838029 -0.160401762 -0.000772672 -0.040953994 0.027562784 -0.021669321 0.001247378 0.999384403
1341846316.870034 -0.169627786 -0.007725202 -0.043458130 0.026839504 -0.024836097 0.002710605 0.999327481
1341846316.906344 -0.177517280 -0.006258242 -0.047300212 0.028280096 -0.027845532 0.001169197 0.999211431
1341846316.937940 -0.176650092 -0.003786592 -0.054303661 0.028615663 -0.029916381 -0.001767987 0.999141097
1341846316.973994 -0.195689619 -0.002305895 -0.043436538 0.027584052 -0.030019443 -0.000938787 0.999168158
1341846317.005913 -0.199662715 -0.004422050 -0.044054203 0.026297959 -0.033155903 -0.000314433 0.999104083
1341846317.037936 -0.208596677 -0.008656647 -0.040960148 0.026377367 -0.035542421 -0.001290952 0.999019146
1341846317.073972 -0.210954800 -0.009937645 -0.041703947 0.027270997 -0.037574597 -0.000153615 0.998921633
1341846317.106113 -0.222256109 -0.011164693 -0.041747004 0.029165983 -0.038604684 0.003652723 0.998822153
1341846317.137887 -0.243944570 -0.015438305 -0.074186549 0.030946480 -0.043158256 0.005095347 0.998575866
1341846317.173970 -0.251230836 -0.007042327 -0.055396128 0.032339979 -0.050144985 0.008345542 0.998183370
1341846317.205887 -0.259278804 -0.004037810 -0.049178757 0.032604188 -0.052331161 0.008680549 0.998059690
1341846317.248131 -0.268877000 -0.013350443 -0.056562990 0.032425214 -0.054853935 0.010194080 0.997915685
1341846317.306289 -0.271466672 -0.006725895 -0.056682698 0.034074198 -0.062185735 0.015125289 0.997368097
1341846317.348137 -0.271623343 -0.011206861 -0.053526215 0.034647930 -0.061778191 0.016371379 0.997353971
1341846317.410120 -0.290602952 -0.003576267 -0.061076995 0.036534958 -0.061482277 0.021830818 0.997200310
1341846317.442569 -0.296645314 -0.017076619 -0.061786070 0.037625853 -0.061090130 0.024827369 0.997113764
1341846317.474010 -0.298664153 -0.018534144 -0.058722794 0.042603496 -0.061675873 0.028747976 0.996772051
1341846317.509927 -0.312565237 -0.000132074 -0.059938215 0.046939649 -0.063098691 0.033052344 0.996354699
1341846317.542282 -0.318538129 0.000379304 -0.062798716 0.045688979 -0.065907441 0.032864969 0.996237218
1341846317.573943 -0.318372041 -0.006592310 -0.055015456 0.045030862 -0.065754645 0.031992454 0.996305704
1341846317.610159 -0.335633069 -0.009735736 -0.058847576 0.047439586 -0.062264632 0.031726737 0.996426582
1341846317.643553 -0.346297354 0.000657225 -0.059037719 0.050664853 -0.062951155 0.035741068 0.996088743
1341846317.677993 -0.358793139 -0.007301264 -0.059878636 0.050059337 -0.065458000 0.038079120 0.995871127
1341846317.709996 -0.367008448 -0.009692400 -0.063043907 0.052267976 -0.067982078 0.038210388 0.995583475
1341846317.741834 -0.373423815 0.002761199 -0.067777455 0.053475641 -0.068901457 0.036518343 0.995519638
1341846317.777923 -0.379008800 0.002064074 -0.068369620 0.051551253 -0.070270076 0.036765262 0.995516419
1341846317.810021 -0.389919490 -0.002446384 -0.064287953 0.051014502 -0.071686722 0.034959458 0.995508075
1341846317.841886 -0.397699565 0.007160577 -0.069249436 0.051558018 -0.072388887 0.032261074 0.995520353
1341846317.878017 -0.409043401 0.003752881 -0.078047812 0.048919711 -0.071756296 0.027005779 0.995855689
1341846317.909910 -0.407359689 0.001289889 -0.078364410 0.048293110 -0.071743414 0.023476280 0.995976686
1341846317.946031 -0.419061184 -0.001798626 -0.074233159 0.049249243 -0.070426404 0.026280547 0.995953798
1341846317.978041 -0.441639513 -0.004076373 -0.063962802 0.051098593 -0.069940381 0.024798352 0.995932877
1341846318.009897 -0.443080038 0.001433509 -0.065619759 0.054275658 -0.070140034 0.023934057 0.995771885
1341846318.045949 -0.458859265 0.007718980 -0.070025466 0.055076778 -0.068184227 0.022094164 0.995906293
1341846318.078074 -0.459530234 0.006677700 -0.078962833 0.054194681 -0.071030639 0.021452861 0.995769739
1341846318.109894 -0.465791732 0.008032799 -0.077721298 0.054111425 -0.075324841 0.020035159 0.995488167
1341846318.145957 -0.470098317 0.007446667 -0.082422055 0.053379044 -0.077403612 0.016860493 0.995427072
1341846318.178001 -0.477969021 0.003379953 -0.082668997 0.052449141 -0.076756693 0.013376079 0.995579541
1341846318.214074 -0.495934874 0.000106860 -0.085597672 0.053201646 -0.077865131 0.012045848 0.995470524
1341846318.245970 -0.505770147 -0.007765853 -0.083472684 0.055163134 -0.083260514 0.013085398 0.994913876
1341846318.278018 -0.514751732 -0.004172793 -0.086139381 0.059144944 -0.088173866 0.014250846 0.994245529
1341846318.313937 -0.522539198 0.001070315 -0.089465708 0.061280083 -0.094014406 0.014002579 0.993584454
1341846318.345989 -0.527752161 0.001396924 -0.085124724 0.062856220 -0.103757970 0.014185633 0.992513061
1341846318.382046 -0.538687110 -0.004108717 -0.098856568 0.063836165 -0.109895885 0.012749439 0.991809130
1341846318.414072 -0.550830722 -0.004398538 -0.103824109 0.065001406 -0.116088375 0.013455421 0.991018295
1341846318.446035 -0.557739794 -0.006623839 -0.104624286 0.066759430 -0.122300059 0.013245265 0.990156770
1341846318.482196 -0.563209474 -0.002652894 -0.110585183 0.068332806 -0.124345981 0.013155639 0.989795744
1341846318.514144 -0.573596776 -0.000492232 -0.106093958 0.068365693 -0.125345364 0.012855815 0.989671350
1341846318.546259 -0.577927947 -0.004519213 -0.102995940 0.069687650 -0.126809016 0.012975105 0.989391088
1341846318.582042 -0.587596774 0.002803728 -0.115041047 0.071679287 -0.126437888 0.012749713 0.989299178
1341846318.614115 -0.595825851 0.006960642 -0.107956298 0.071749941 -0.126618549 0.012269870 0.989277065
1341846318.650038 -0.601865530 0.005585788 -0.116712406 0.071435176 -0.127496868 0.009164778 0.989220679
1341846318.682350 -0.614503860 0.007435258 -0.115420617 0.071445838 -0.127325907 0.006461766 0.989263237
1341846318.714063 -0.620231748 0.009681026 -0.114561200 0.071321987 -0.128762096 0.006528024 0.989085853
1341846318.749905 -0.626957476 0.004558105 -0.120387927 0.071533695 -0.128714010 0.007867180 0.989067078
1341846318.782036 -0.638720572 0.007635024 -0.114811361 0.073131792 -0.129340038 0.010157260 0.988847673
1341846318.814121 -0.653627574 0.003798175 -0.121414974 0.072718464 -0.133727133 0.009010520 0.988305569
1341846318.850072 -0.659773469 0.004308619 -0.121426389 0.073263414 -0.139697328 0.006468419 0.987459004
1341846318.883516 -0.670862496 -0.014000537 -0.163466096 0.074141331 -0.146767959 0.005607433 0.986372530
1341846318.918047 -0.660948336 0.001970390 -0.155679047 0.079065502 -0.161277086 0.007113697 0.983711183
1341846318.950044 -0.691091239 -0.000096867 -0.127961069 0.080355622 -0.168070048 0.001956827 0.982492507
1341846318.982028 -0.700780213 0.007754361 -0.129401356 0.082672715 -0.171316102 -0.001482334 0.981740177
1341846319.018123 -0.716424882 -0.001304301 -0.167743385 0.080809310 -0.176139593 -0.001450271 0.981041551
1341846319.050745 -0.716899216 -0.011248365 -0.149567902 0.081762530 -0.183268175 -0.002314525 0.979654193
1341846319.081905 -0.715930820 -0.001787746 -0.147183031 0.088252567 -0.183596760 -0.002830873 0.979027927
1341846319.117976 -0.725671649 0.010642692 -0.138022095 0.090980515 -0.183045059 0.003374349 0.978879809
1341846319.150093 -0.737580657 0.003633473 -0.165739596 0.091270186 -0.186721265 0.008843846 0.978124082
1341846319.186069 -0.732345104 0.017466683 -0.158223957 0.093640335 -0.188664496 0.008858433 0.977526844
1341846319.218149 -0.736879349 0.035017997 -0.172955766 0.091755085 -0.183316171 0.007527465 0.978733599
1341846319.250034 -0.750110328 0.026640635 -0.177339882 0.084989883 -0.176536277 0.006294432 0.980597794
1341846319.286594 -0.752471089 0.018227454 -0.154124483 0.082249358 -0.174469426 0.010220341 0.981168211
1341846319.318034 -0.754489243 0.027916940 -0.151216760 0.084313512 -0.174218312 0.012295125 0.981013775
1341846319.350268 -0.777710795 0.016595120 -0.176375985 0.083576255 -0.172347456 0.019298697 0.981294513
1341846319.386163 -0.785952985 0.015998492 -0.178370208 0.083752848 -0.177365452 0.027200064 0.980197489
1341846319.418386 -0.794221640 0.019757356 -0.155881092 0.085163459 -0.183492795 0.027793352 0.978930593
1341846319.453961 -0.799194992 0.022046179 -0.152492493 0.086542547 -0.184861481 0.022973007 0.978677094
1341846319.486271 -0.816566646 0.021595458 -0.186381817 0.085201360 -0.183614358 0.022210235 0.979047060
1341846319.554083 -0.827703714 0.025971448 -0.172837943 0.080232359 -0.190235853 0.021082932 0.978227258
1341846319.586296 -0.835818529 0.022924876 -0.190965131 0.080539338 -0.189183831 0.017433377 0.978477895
1341846319.622031 -0.843393445 0.020235028 -0.229765743 0.078509860 -0.191823408 0.015120900 0.978167355
1341846319.653962 -0.858454466 0.015926788 -0.184266329 0.077777378 -0.197640702 0.013875405 0.977085650
1341846319.686352 -0.863959789 0.015544979 -0.189841568 0.079082698 -0.201511770 0.016357033 0.976151347
1341846319.721992 -0.871325612 0.025451139 -0.189066082 0.080358230 -0.205546513 0.016637230 0.975200713
1341846319.754063 -0.876055539 0.040459037 -0.191938356 0.078187518 -0.207530722 0.016007468 0.974967420
1341846319.786397 -0.878518999 0.034479368 -0.188665435 0.073019572 -0.207736880 0.019045442 0.975269616
1341846319.822008 -0.887065470 0.036148276 -0.190302625 0.069519825 -0.208181471 0.022880599 0.975348115
1341846319.853917 -0.886606634 0.034376714 -0.198988244 0.063754648 -0.209474266 0.026494406 0.975373745
1341846319.889942 -0.889115334 0.020032577 -0.195686534 0.058788136 -0.210399002 0.031750329 0.975329757
1341846319.922039 -0.901411176 0.012546929 -0.205282688 0.057655651 -0.213924989 0.032700218 0.974598706
1341846319.953946 -0.899193466 0.009051232 -0.196315929 0.058252200 -0.220487848 0.029336819 0.973206580
1341846319.990054 -0.899607360 0.013236422 -0.193593666 0.062077913 -0.223356768 0.022686550 0.972493410
1341846320.028122 -0.897052646 0.009240912 -0.205825076 0.063518852 -0.227132499 0.021853676 0.971544385
1341846320.090047 -0.886617720 0.019661468 -0.187641993 0.069091164 -0.235012755 0.022444177 0.969273746
1341846320.122011 -0.878363192 0.023381174 -0.177631631 0.070243634 -0.233298436 0.022827270 0.969596088
1341846320.157952 -0.870120049 0.020941701 -0.173023239 0.070555776 -0.231380776 0.024419548 0.969994068
1341846320.190003 -0.855974436 0.015918557 -0.162012145 0.073576577 -0.228694350 0.023404075 0.970431685
1341846320.221941 -0.853230238 0.015116733 -0.171026409 0.077635281 -0.224747151 0.024621489 0.971007347
1341846320.258015 -0.844037652 0.008019492 -0.168909669 0.080887847 -0.224267766 0.027793482 0.970767081
1341846320.289887 -0.836566925 -0.002166767 -0.169536293 0.085268334 -0.225117624 0.029079169 0.970157623
1341846320.321954 -0.824290216 0.005477242 -0.170161173 0.095433518 -0.226591900 0.028532226 0.968883097
1341846320.357890 -0.803759933 0.008077521 -0.154702842 0.100132763 -0.227601200 0.031501014 0.968079925
1341846320.390064 -0.787221432 0.009839874 -0.150503635 0.102268890 -0.224222958 0.030790249 0.968667686
1341846320.426544 -0.775629640 0.011636745 -0.126947716 0.106083430 -0.217293501 0.027813317 0.969925880
1341846320.458122 -0.769857168 0.005880311 -0.131081432 0.106789812 -0.209875152 0.025687803 0.971539259
1341846320.490186 -0.751578927 0.001468796 -0.136585146 0.110390581 -0.202790514 0.025460152 0.972646773
1341846320.525911 -0.753130078 0.010593995 -0.151129290 0.116183698 -0.193797439 0.021337537 0.973903775
1341846320.558091 -0.723720372 0.002569146 -0.146135926 0.115782730 -0.192180648 0.020642655 0.974286795
1341846320.594093 -0.695051491 -0.006605091 -0.159975648 0.116597623 -0.188077927 0.017083446 0.975058854
1341846320.631955 -0.696661711 -0.002840105 -0.128950596 0.120251425 -0.180285022 0.016399451 0.976098359
1341846320.664916 -0.682620227 0.001469525 -0.133725911 0.120445289 -0.178184688 0.015352349 0.976477087
1341846320.699927 -0.663592160 -0.005269840 -0.120867588 0.120445177 -0.175636113 0.013896117 0.976960480
1341846320.731822 -0.656517029 -0.000748394 -0.123788401 0.122974396 -0.168672025 0.013418794 0.977878809
1341846320.763877 -0.663340569 0.034725446 -0.128560945 0.123113938 -0.166413993 0.012725782 0.978257298
1341846320.799999 -0.644371629 0.004889693 -0.118106022 0.114807121 -0.168906122 0.007911039 0.978890896
1341846320.831871 -0.586169422 -0.008569515 -0.132496640 0.116357215 -0.160245255 0.003626711 0.980188429
1341846320.863887 -0.646587133 0.022962509 -0.120484106 0.117575720 -0.147885561 0.003409887 0.981984794
1341846320.900014 -0.632491410 0.000639603 -0.126092419 0.108448975 -0.153125226 0.007949084 0.982205808
1341846320.931889 -0.597793698 -0.008920372 -0.117370561 0.109504603 -0.154338524 0.006951250 0.981906354
1341846320.967866 -0.600070894 0.021828784 -0.109422028 0.111325920 -0.148426935 0.002853220 0.982633114
1341846321.000017 -0.596428275 0.011332280 -0.107250735 0.104597978 -0.148193717 0.001676151 0.983409941
1341846321.031860 -0.578548372 -0.005598813 -0.114717022 0.101693429 -0.147757351 -0.000349388 0.983781457
1341846321.068047 -0.571301222 0.002472233 -0.113699883 0.103046022 -0.144212082 -0.003254446 0.984161437
1341846321.099840 -0.567148387 -0.000196334 -0.115551099 0.100364454 -0.142758131 -0.002338577 0.984652996
1341846321.131821 -0.547407985 -0.014382608 -0.117622942 0.099832810 -0.141675383 -0.000868857 0.984865785
1341846321.167887 -0.540735185 -0.009724165 -0.112700731 0.102862470 -0.137895972 -0.000042270 0.985090792
1341846321.200042 -0.537293434 -0.007234262 -0.107893854 0.103304222 -0.135115147 -0.000106265 0.985429883
1341846321.231950 -0.528158009 -0.012877293 -0.106284589 0.102723815 -0.134181261 -0.001578577 0.985616863
1341846321.267939 -0.507203639 -0.005442193 -0.098435983 0.104189314 -0.132553920 -0.005244250 0.985670567
1341846321.299948 -0.503193557 -0.007831888 -0.087158613 0.103707075 -0.128103107 -0.010948063 0.986262977
1341846321.331858 -0.502004385 -0.010969786 -0.091792583 0.104224667 -0.124719933 -0.015663400 0.986578345
1341846321.367913 -0.476814568 -0.020566169 -0.089013904 0.105525434 -0.123607412 -0.018844701 0.986524403
1341846321.399897 -0.474085212 -0.013459716 -0.085818365 0.108271971 -0.118146919 -0.020254007 0.986867905
1341846321.435994 -0.475526065 -0.019001145 -0.083757684 0.109763049 -0.114172392 -0.021138730 0.987152398
1341846321.467946 -0.464985698 -0.016236071 -0.076784916 0.111891039 -0.112028323 -0.020086041 0.987181127
1341846321.499882 -0.448796153 -0.016464859 -0.073558897 0.113196842 -0.109894335 -0.019383430 0.987286150
1341846321.536109 -0.421688259 -0.012915237 -0.085118800 0.113411598 -0.105437450 -0.021500170 0.987703621
1341846321.568960 -0.435997069 -0.006031436 -0.072242185 0.111172281 -0.097584598 -0.024640199 0.988691449
1341846321.603938 -0.430146158 -0.011174919 -0.065183170 0.107786350 -0.095359631 -0.024687093 0.989282191
1341846321.637163 -0.378872603 -0.000109862 -0.071191184 0.106178381 -0.092847504 -0.025808094 0.989666343
1341846321.668306 -0.408685178 -0.008419668 -0.061953586 0.100923955 -0.081255354 -0.022560401 0.991313756
1341846321.704411 -0.425081372 -0.009137376 -0.054938775 0.097105347 -0.078945599 -0.015775712 0.992012739
1341846321.736861 -0.413346529 -0.008483024 -0.050534450 0.095287792 -0.081904963 -0.008006315 0.992042184
1341846321.771881 -0.395322859 0.007590796 -0.050257064 0.093164347 -0.082590386 -0.003297975 0.992213845
1341846321.804114 -0.387995422 0.001157722 -0.044963062 0.088390946 -0.080383137 -0.000748096 0.992836833
1341846321.836152 -0.391265392 0.008563130 -0.043344356 0.085954599 -0.077204473 -0.001302667 0.993302345
1341846321.871882 -0.385325044 0.018284768 -0.041969150 0.081758097 -0.076029651 -0.003878495 0.993740439
1341846321.904074 -0.378945827 0.010712735 -0.037434131 0.074972413 -0.074912794 -0.008173226 0.994334161
1341846321.939847 -0.375711381 0.008538319 -0.033887528 0.071646340 -0.071736999 -0.011143710 0.994784594
1341846322.004094 -0.382225931 0.003031677 -0.031112215 0.064389780 -0.073152922 -0.012007502 0.995167553
1341846322.066178 -0.368568689 -0.005626693 -0.032414116 0.059720591 -0.068731129 -0.015653802 0.995723069
1341846322.107979 -0.374394089 -0.021105882 -0.031678841 0.056986932 -0.066197380 -0.017301835 0.996027648
1341846322.166164 -0.374443024 -0.041839331 -0.034001395 0.059763014 -0.066595584 -0.016485177 0.995852232
1341846322.202932 -0.372428387 -0.044840749 -0.035718363 0.061375804 -0.069103882 -0.016586700 0.995581508
1341846322.234093 -0.372760147 -0.049735464 -0.039541759 0.060164139 -0.070320576 -0.018717580 0.995532453
1341846322.265941 -0.373136759 -0.058261737 -0.036955439 0.057478353 -0.073312744 -0.017931107 0.995489776
1341846322.301996 -0.365960240 -0.074128404 -0.036231600 0.055106077 -0.075465910 -0.017220758 0.995475590
1341846322.333949 -0.374587148 -0.086578980 -0.043389451 0.054426283 -0.076822437 -0.017798916 0.995399058
1341846322.369871 -0.365703076 -0.103473879 -0.037477735 0.054913074 -0.082654439 -0.020774582 0.994847298
1341846322.402292 -0.354669571 -0.117032468 -0.037993729 0.057398170 -0.081886798 -0.026990395 0.994621277
1341846322.433955 -0.369431227 -0.143052101 -0.035264619 0.062071815 -0.079542257 -0.030515522 0.994428933
1341846322.470030 -0.366031229 -0.144610807 -0.031512596 0.070254609 -0.084769137 -0.025079953 0.993604302
1341846322.502433 -0.352262646 -0.163625494 -0.029044654 0.075242862 -0.089160919 -0.021174209 0.992945373
1341846322.534002 -0.353389025 -0.180050835 -0.035520058 0.083210915 -0.088794135 -0.020115988 0.992364287
1341846322.570196 -0.358126312 -0.184683755 -0.036538888 0.092806071 -0.088763885 -0.017846547 0.991559088
1341846322.601920 -0.359176397 -0.197503254 -0.039365783 0.097166784 -0.092406467 -0.011650242 0.990900576
1341846322.638119 -0.349244148 -0.207368761 -0.035456628 0.103042595 -0.096128792 -0.012227325 0.989945412
1341846322.669947 -0.339021772 -0.217707798 -0.027873836 0.107604809 -0.093635738 -0.012563837 0.989694715
1341846322.702026 -0.354351610 -0.228849053 -0.029361263 0.110109173 -0.091011010 -0.010562371 0.989687502
1341846322.738006 -0.352709383 -0.221990183 -0.024626806 0.112172067 -0.093896121 -0.008538794 0.989205718
1341846322.770087 -0.342632681 -0.245819271 -0.020877771 0.111354560 -0.093962356 -0.008367787 0.989293277
1341846322.806047 -0.354948431 -0.258523494 -0.020212352 0.114560641 -0.093464874 -0.006491989 0.988988340
1341846322.838063 -0.356345147 -0.261996716 -0.021047406 0.116081163 -0.098108806 -0.003865821 0.988374829
1341846322.870081 -0.355490029 -0.278115630 -0.022314958 0.117795952 -0.102783605 -0.003521974 0.987697899
1341846322.906018 -0.341599017 -0.282123685 -0.016151592 0.122931533 -0.105488345 -0.002408852 0.986789823
1341846322.938349 -0.343676895 -0.264245093 -0.012129828 0.124243543 -0.104319096 -0.000865026 0.986752391
1341846322.970069 -0.338466704 -0.270676583 -0.018627316 0.118992843 -0.105016075 0.000127666 0.987325788
1341846323.011820 -0.337511301 -0.285066724 -0.012930326 0.116426848 -0.104603283 -0.000316389 0.987675428
1341846323.073951 -0.341065437 -0.286232471 -0.008469075 0.113275327 -0.104609795 0.003749054 0.988034129
1341846323.105962 -0.341221720 -0.305654764 -0.005801722 0.109936766 -0.104547702 0.003254354 0.988419473
1341846323.138158 -0.340934306 -0.305664986 -0.006356612 0.111129664 -0.104553834 -0.000285458 0.988290727
1341846323.174092 -0.344145030 -0.307216048 -0.012147322 0.109249726 -0.104542680 -0.001650055 0.988500178
1341846323.206059 -0.334066898 -0.314651549 -0.009235129 0.106269114 -0.105842970 -0.003892481 0.988680422
1341846323.238053 -0.332715124 -0.318735898 0.000252247 0.103845380 -0.102572560 -0.005347655 0.989275694
1341846323.273997 -0.351905644 -0.317591906 -0.010433339 0.100129656 -0.101339519 -0.005846627 0.989782870
1341846323.305946 -0.343463898 -0.329145551 -0.006082200 0.094242409 -0.105662964 -0.005126886 0.989912808
1341846323.342027 -0.321172744 -0.347081959 0.003470786 0.092132412 -0.105320863 -0.006852626 0.990137398
1341846323.374048 -0.343398213 -0.352466881 -0.001028404 0.092518188 -0.100636438 -0.005343784 0.990597844
1341846323.405987 -0.358942747 -0.363610983 -0.012943730 0.092004180 -0.103791565 -0.000897619 0.990334153
1341846323.441956 -0.345613360 -0.372398794 0.000493243 0.092783399 -0.108841330 0.001574241 0.989718258
1341846323.473878 -0.346160710 -0.384617329 0.002496094 0.096956469 -0.107262135 -0.000074081 0.989491940
1341846323.506129 -0.349921852 -0.377617717 -0.002102613 0.099980623 -0.107264832 -0.002010873 0.989188552
1341846323.541972 -0.342165858 -0.378514707 0.001437142 0.098827362 -0.107791625 -0.004125556 0.989240646
1341846323.573913 -0.315903932 -0.400918782 -0.002570584 0.098447755 -0.104822442 -0.010223236 0.989553332
1341846323.609927 -0.332201123 -0.398666114 -0.006437227 0.099327222 -0.097821414 -0.013016796 0.990149260
1341846323.642014 -0.343759149 -0.406254768 -0.005780935 0.098258033 -0.095792092 -0.012394503 0.990462303
1341846323.674081 -0.346829385 -0.417119235 -0.003991038 0.097940162 -0.097405978 -0.010078765 0.990362644
1341846323.710069 -0.343594998 -0.437919676 -0.008470342 0.098237626 -0.098948643 -0.005703535 0.990215063
1341846323.742111 -0.348879218 -0.445065558 -0.008669972 0.103744641 -0.100807570 -0.005642028 0.989466071
1341846323.774928 -0.345223010 -0.441756427 -0.011857674 0.107505895 -0.103190802 -0.007826461 0.988803744
1341846323.810012 -0.345485687 -0.444493860 -0.009388581 0.108700909 -0.104347415 -0.010907676 0.988522470
1341846323.842207 -0.344265252 -0.454565316 -0.020120218 0.110493071 -0.103819139 -0.015959008 0.988310754
1341846323.878019 -0.351347506 -0.465567172 -0.021183565 0.111484699 -0.104303800 -0.020361191 0.988067448
1341846323.909826 -0.345907867 -0.480298966 -0.023834065 0.114452250 -0.106379732 -0.023531636 0.987436235
1341846323.942459 -0.348962307 -0.478980154 -0.026786506 0.118698850 -0.106457800 -0.023872355 0.986918151
1341846323.978055 -0.359872222 -0.478971303 -0.025394768 0.121156983 -0.108603038 -0.021941943 0.986430347
1341846324.015934 -0.350343347 -0.482465714 -0.023931697 0.124891587 -0.111401334 -0.022042917 0.985650003
1341846324.047722 -0.343160182 -0.477666795 -0.032685757 0.128174588 -0.110148601 -0.022273945 0.985364079
1341846324.083904 -0.346409827 -0.462133467 -0.021530256 0.128416255 -0.108506188 -0.021940421 0.985522330
1341846324.115968 -0.342240602 -0.460445076 -0.025136530 0.126912206 -0.107114464 -0.024434781 0.985810697
1341846324.151967 -0.334919393 -0.457667410 -0.030455604 0.126575187 -0.104482703 -0.028395252 0.986030340
1341846324.183941 -0.341302633 -0.441325068 -0.022542134 0.124655850 -0.099986829 -0.032852389 0.986602426
1341846324.219984 -0.346386045 -0.440132737 -0.016652152 0.120416157 -0.098155580 -0.032344524 0.987329423
1341846324.251968 -0.350498021 -0.437739134 -0.015668571 0.120234609 -0.097905941 -0.033300996 0.987344503
1341846324.284052 -0.352844775 -0.423763424 -0.013546377 0.121082649 -0.098465063 -0.033911329 0.987164438
1341846324.319880 -0.357601285 -0.413455397 -0.019464105 0.119545996 -0.101741895 -0.035043895 0.986979902
1341846324.351917 -0.352835804 -0.394210875 -0.013571233 0.116653048 -0.105138510 -0.035843693 0.986941338
1341846324.388001 -0.343809336 -0.385888577 -0.013482869 0.113247573 -0.105190568 -0.040406372 0.987156153
1341846324.419908 -0.345384300 -0.368428528 -0.009004146 0.108878084 -0.102850951 -0.043212559 0.987775266
1341846324.452027 -0.346115947 -0.367903531 -0.003663510 0.104184613 -0.102942832 -0.043160286 0.988274038
1341846324.487928 -0.347853363 -0.365089059 -0.009621605 0.102010705 -0.103167579 -0.041308306 0.988556504
1341846324.519985 -0.365010977 -0.350988626 -0.003005281 0.100700662 -0.104285806 -0.036994483 0.988744259
1341846324.556001 -0.363062948 -0.331666350 -0.005029917 0.098810464 -0.109185100 -0.033292145 0.988537729
1341846324.587888 -0.356833637 -0.322600931 -0.001633108 0.094962351 -0.112538047 -0.031625513 0.988593519
1341846324.620086 -0.357586294 -0.319438398 -0.002416745 0.092574678 -0.114952452 -0.034082655 0.988460541
1341846324.655955 -0.351716161 -0.306617916 -0.000057355 0.091528535 -0.116340876 -0.034872424 0.988367975
1341846324.688082 -0.357426375 -0.304348439 0.003430605 0.090688124 -0.115755893 -0.034566317 0.988524854
1341846324.755922 -0.369120449 -0.269155979 -0.005802125 0.091601171 -0.118456252 -0.030309157 0.988260448
1341846324.814016 -0.350176185 -0.226088867 0.008046597 0.088238612 -0.124877781 -0.033916470 0.987658441
1341846324.849979 -0.361762077 -0.223262429 0.009998262 0.082279287 -0.120993614 -0.037181087 0.988538444
1341846324.881924 -0.370251745 -0.222269595 0.010966696 0.078857563 -0.121869564 -0.037317023 0.988704622
1341846324.913902 -0.361933082 -0.213193476 0.014549956 0.077548102 -0.123862714 -0.033904098 0.988683403
1341846324.949999 -0.367324144 -0.219087362 0.014591962 0.077059790 -0.123582602 -0.031694911 0.988829911
1341846324.981922 -0.376284957 -0.209219486 0.014545031 0.081156909 -0.125845417 -0.027186809 0.988350868
1341846325.018013 -0.376478910 -0.198222488 0.011492625 0.085181147 -0.131096423 -0.024581630 0.987397432
1341846325.050079 -0.377708822 -0.182151303 0.006125018 0.087216079 -0.135927200 -0.025780613 0.986535609
1341846325.081901 -0.373619109 -0.159924626 0.004117504 0.087103419 -0.141036719 -0.027664986 0.985777020
1341846325.118531 -0.362593651 -0.142118365 0.012117714 0.083507903 -0.143165752 -0.030355563 0.985702038
1341846325.149933 -0.368202299 -0.145041913 0.014717534 0.077430829 -0.140381575 -0.032726068 0.986522436
1341846325.181925 -0.371633619 -0.139608324 0.013885468 0.074130483 -0.138857380 -0.030759200 0.987054825
1341846325.218055 -0.372579336 -0.131604701 0.020035893 0.071146443 -0.138856083 -0.026858516 0.987388372
1341846325.249811 -0.373675466 -0.124364465 0.020685956 0.068531096 -0.138993844 -0.023079531 0.987649500
1341846325.285925 -0.369189054 -0.114950627 0.020706639 0.065735318 -0.139704674 -0.020529691 0.987795532
1341846325.317988 -0.354452789 -0.120542124 0.025458373 0.062681943 -0.138416663 -0.017808676 0.988228023
1341846325.349844 -0.366963744 -0.122605830 0.030507162 0.065488674 -0.132635415 -0.016162675 0.988866985
1341846325.387302 -0.363165647 -0.109657340 0.029708415 0.070225798 -0.130426675 -0.012294255 0.988891304
1341846325.417931 -0.351224661 -0.101559624 0.035021387 0.072855420 -0.126350775 -0.008681722 0.989268541
1341846325.450747 -0.334307760 -0.117422163 0.030760527 0.076250121 -0.119455315 -0.005444580 0.989892244
1341846325.485954 -0.354882956 -0.095489293 0.034176186 0.085733533 -0.111748233 -0.003767679 0.990024209
1341846325.517875 -0.364227355 -0.078650683 0.034715258 0.089933649 -0.108230732 -0.001365101 0.990048587
1341846325.553859 -0.362133652 -0.073099390 0.034687214 0.093147099 -0.104973182 -0.001677569 0.990101755
1341846325.585855 -0.368058592 -0.052533813 0.035772637 0.096416451 -0.101657987 -0.003528896 0.990129828
1341846325.617990 -0.362633795 -0.033788353 0.034012444 0.093752071 -0.100426339 -0.003365493 0.990511835
1341846325.653982 -0.368359089 -0.052107029 0.038725659 0.090174608 -0.098032095 -0.007079720 0.991064131
1341846325.685819 -0.370843351 -0.051190466 0.043308161 0.095196739 -0.096958965 -0.005001127 0.990712643
1341846325.717857 -0.376011699 -0.036528699 0.044986092 0.099338427 -0.095780633 0.002154349 0.990430832
1341846325.754083 -0.381257862 -0.033805709 0.045749865 0.102145463 -0.095339477 0.005442034 0.990175307
1341846325.786087 -0.374815553 -0.027464271 0.043100417 0.108373009 -0.095626771 0.008230887 0.989466012
1341846325.821856 -0.374102354 -0.007601058 0.043395706 0.112673879 -0.093949296 0.010188101 0.989128053
1341846325.853827 -0.380432069 -0.003723765 0.043684930 0.112613253 -0.093055412 0.014022885 0.989172518
1341846325.885958 -0.385632396 0.009488013 0.040069215 0.112622492 -0.095718488 0.019944899 0.988815606
1341846325.921984 -0.386118621 0.014443450 0.049856305 0.111119546 -0.099583343 0.023906855 0.988516033
1341846325.953899 -0.375921577 0.017720129 0.053053249 0.113938242 -0.099736072 0.025825998 0.988131464
1341846325.985823 -0.381466240 0.031416267 0.055793732 0.116589531 -0.096545659 0.029444769 0.988037825
1341846326.021991 -0.385012805 0.033379227 0.055674285 0.118607774 -0.096329622 0.036457520 0.987584710
1341846326.054055 -0.384317547 0.048525602 0.062297814 0.123978414 -0.097119898 0.039631333 0.986725092
1341846326.089984 -0.377962559 0.064696774 0.054685891 0.126720205 -0.095283970 0.038735174 0.986591339
1341846326.121822 -0.379369020 0.075618990 0.062530763 0.126742750 -0.091263726 0.036356356 0.987058938
1341846326.154079 -0.383778185 0.075472914 0.066611335 0.127134353 -0.088816591 0.035541419 0.987261474
1341846326.190178 -0.386452466 0.086891010 0.069251284 0.129258677 -0.089273639 0.038759347 0.986823201
1341846326.222162 -0.387130260 0.107356869 0.073599301 0.128184736 -0.091237128 0.044911008 0.986522913
1341846326.259181 -0.388213426 0.118268624 0.074289180 0.124558702 -0.093598709 0.047970656 0.986622095
1341846326.322766 -0.384639174 0.141963139 0.089326680 0.117970631 -0.094129331 0.045667458 0.987490296
1341846326.359773 -0.385193020 0.148077995 0.088812381 0.114312857 -0.092383981 0.043561015 0.988180220
1341846326.392109 -0.380908221 0.139214873 0.094532475 0.111877769 -0.091014005 0.044304296 0.988552928
1341846326.423985 -0.386652231 0.146708533 0.099123806 0.115797132 -0.090009168 0.050227493 0.987910151
1341846326.459869 -0.392248213 0.163030446 0.093205452 0.117889062 -0.091852598 0.053525731 0.987319708
1341846326.526163 -0.380201995 0.196741343 0.094167992 0.118718475 -0.090627857 0.052518129 0.987387657
1341846326.560211 -0.384270281 0.205227122 0.111539349 0.114350811 -0.086861581 0.051696274 0.988284588
1341846326.591828 -0.383399725 0.203654125 0.104052559 0.109810285 -0.084819406 0.053613823 0.988874555
1341846326.627027 -0.381541997 0.217629164 0.105743684 0.110125728 -0.083441488 0.052946895 0.988992631
1341846326.658442 -0.381986678 0.238791019 0.111292377 0.109114021 -0.079435900 0.051187862 0.989527106
1341846326.694856 -0.383137524 0.250530630 0.111189276 0.105333142 -0.075862713 0.051397674 0.990206063
1341846326.726206 -0.384858489 0.263628721 0.108011454 0.099954203 -0.074274108 0.048837114 0.991013348
1341846326.762753 -0.377358317 0.275971532 0.111102581 0.094512314 -0.072276905 0.045179471 0.991868079
1341846326.826821 -0.378845006 0.311930180 0.112165511 0.080667660 -0.066109829 0.039937258 0.993744016
1341846326.858887 -0.382677108 0.314372599 0.124052107 0.072858684 -0.064518608 0.037573311 0.994543731
1341846326.895360 -0.390371084 0.312770396 0.131094262 0.070232019 -0.064513259 0.039019264 0.994677305
1341846326.926897 -0.396225095 0.309269547 0.136107802 0.070934400 -0.067772463 0.040982895 0.994331717
1341846326.958888 -0.388080448 0.324424446 0.134216994 0.073406436 -0.070482202 0.043570179 0.993853807
1341846326.994594 -0.382040977 0.339017481 0.133696258 0.074187100 -0.070581771 0.046102274 0.993674517
1341846327.026301 -0.381490052 0.359169751 0.134996682 0.073443882 -0.069091775 0.044182800 0.993921638
1341846327.063945 -0.380398303 0.354610115 0.144120693 0.069529593 -0.066746525 0.042147767 0.994451642
1341846327.094662 -0.382966340 0.363744974 0.146257445 0.069470607 -0.064235337 0.040616944 0.994684815
1341846327.128901 -0.384193867 0.372916490 0.149445951 0.068742253 -0.064143613 0.039369989 0.994791448
1341846327.161940 -0.383648396 0.383866757 0.148537114 0.067715093 -0.065160386 0.038291041 0.994837940
1341846327.193867 -0.376022816 0.390499890 0.152145982 0.066939212 -0.064261146 0.036070012 0.995031953
1341846327.229885 -0.372556865 0.407420218 0.150387198 0.068564236 -0.061050888 0.033764027 0.995204329
1341846327.262014 -0.366735131 0.416917801 0.160953552 0.068251722 -0.057162344 0.030530868 0.995561123
1341846327.294023 -0.369921565 0.416169077 0.153461859 0.071070559 -0.043372396 0.026943721 0.996163547
1341846327.330015 -0.362644792 0.447407454 0.145892724 0.075745545 -0.035107963 0.021970643 0.996266663
1341846327.361939 -0.366147488 0.458538264 0.148192257 0.073802263 -0.029559346 0.017603166 0.996679306
1341846327.393887 -0.369605511 0.466572762 0.151043624 0.072521888 -0.026413800 0.009041403 0.996976018
1341846327.429966 -0.379756093 0.498256654 0.161043301 0.073063858 -0.026093014 0.011128992 0.996923745
1341846327.461965 -0.383493692 0.515390038 0.168240249 0.065698244 -0.030236021 0.010505486 0.997326016
1341846327.497931 -0.372794211 0.508942246 0.170562044 0.059316970 -0.032986354 0.007101448 0.997668743
1341846327.530068 -0.378418207 0.521951973 0.176476926 0.058149893 -0.031808019 0.010107551 0.997749805
1341846327.561895 -0.384968460 0.532505333 0.190724865 0.056106366 -0.033675000 0.015150851 0.997741699
1341846327.598010 -0.388117969 0.537981570 0.190454468 0.056887452 -0.036770158 0.019785335 0.997507036
1341846327.629945 -0.395488560 0.557264447 0.188906163 0.057658222 -0.040626928 0.018551987 0.997336864
1341846327.662003 -0.387746274 0.552385867 0.191951752 0.056838598 -0.044947166 0.014702655 0.997262716
1341846327.697919 -0.384954482 0.572946608 0.193156376 0.059573445 -0.046174582 0.016541407 0.997018158
1341846327.730075 -0.390637189 0.603881478 0.193377838 0.057195626 -0.045911551 0.016785948 0.997165501
1341846327.766017 -0.385864258 0.605490088 0.198278785 0.051346693 -0.047284178 0.017626761 0.997405171
1341846327.797917 -0.387566477 0.628973722 0.197208405 0.048338480 -0.047058307 0.018482560 0.997550666
1341846327.830054 -0.391444474 0.627992809 0.200964674 0.040291786 -0.046716779 0.017741583 0.997937560
1341846327.865944 -0.380759209 0.637603164 0.205669463 0.036692426 -0.046939824 0.018088548 0.998059690
1341846327.898010 -0.385083020 0.653405190 0.205244422 0.034604948 -0.045552310 0.018976325 0.998182058
1341846327.929991 -0.386054039 0.658615708 0.206741959 0.029921159 -0.046785794 0.015838457 0.998331070
1341846327.966065 -0.380682766 0.671747327 0.205725029 0.026124535 -0.046941448 0.012995055 0.998471379
1341846327.998073 -0.380352736 0.684903145 0.206082538 0.020514743 -0.045953274 0.009829329 0.998684525
1341846328.034045 -0.382943839 0.682086527 0.205848202 0.013787654 -0.044229038 0.007380624 0.998898983
1341846328.065993 -0.385009110 0.680494487 0.207096308 0.007644203 -0.043270446 0.007407869 0.999006689
1341846328.098045 -0.391019613 0.661859989 0.208780050 0.004907155 -0.042031255 0.008028726 0.999071956
1341846328.133967 -0.402719647 0.653244555 0.202522248 0.005879285 -0.041261304 0.011406766 0.999065995
1341846328.166023 -0.397900641 0.659980178 0.204930022 0.006996801 -0.045384821 0.012111894 0.998871624
1341846328.198018 -0.395862490 0.639904380 0.197845966 0.005441020 -0.048315849 0.009145509 0.998775423
1341846328.234044 -0.395207793 0.637453914 0.201688915 0.009150378 -0.050539214 0.010559333 0.998624325
1341846328.265899 -0.388395786 0.627399027 0.194238871 0.012310786 -0.053477518 0.010901398 0.998433650
1341846328.302051 -0.386357516 0.605572045 0.194895923 0.014079057 -0.053617857 0.012854607 0.998379529
1341846328.333917 -0.389712662 0.590928316 0.188134015 0.016848771 -0.053479526 0.014506954 0.998321414
1341846328.366008 -0.395812690 0.555894017 0.187957555 0.020372516 -0.052891869 0.010436488 0.998337865
1341846328.402010 -0.395668566 0.586739123 0.180183619 0.043110728 -0.051598787 0.017170504 0.997589171
1341846328.433920 -0.402006477 0.561603308 0.176430851 0.041771125 -0.052588277 0.016417097 0.997607172
1341846328.470003 -0.384660065 0.509999931 0.181109071 0.036317851 -0.056324139 0.009159020 0.997709751
1341846328.502194 -0.381216705 0.484504849 0.180751905 0.037990004 -0.054419786 0.000984673 0.997794688
1341846328.534033 -0.386506855 0.461586416 0.186377436 0.038906619 -0.051235810 -0.002292288 0.997925758
1341846328.570125 -0.383262038 0.433905423 0.163618416 0.038342498 -0.050760292 0.000166666 0.997974575
1341846328.602804 -0.390999675 0.419086516 0.166512281 0.045124888 -0.055752318 0.004366867 0.997414827
1341846328.672663 -0.387258470 0.378405005 0.156684473 0.054076381 -0.069039539 0.002710073 0.996143520
1341846328.702975 -0.379105747 0.359872341 0.159582421 0.056188393 -0.073259026 0.001643848 0.995727479
1341846328.770129 -0.370523661 0.325354666 0.148951054 0.064482778 -0.076761544 -0.001520191 0.994960964
1341846328.802331 -0.369681329 0.307290614 0.149708331 0.064911284 -0.079959542 -0.001391216 0.994681358
1341846328.838051 -0.366127968 0.291145891 0.144584239 0.068713725 -0.082058445 -0.004215669 0.994246960
1341846328.869939 -0.366280168 0.294069320 0.141859874 0.069552451 -0.083175391 -0.005187530 0.994091272
1341846328.904486 -0.366602212 0.274074435 0.144717634 0.064383231 -0.086296737 -0.005054533 0.994174063
1341846328.939814 -0.360122979 0.242844909 0.138555765 0.066276990 -0.089382105 -0.005086845 0.993776798
1341846328.970217 -0.354702085 0.242557839 0.132355839 0.070150785 -0.091874436 -0.001430332 0.993295431
1341846329.006232 -0.353057176 0.229398295 0.135567307 0.070379786 -0.094589867 0.003361236 0.993019700
1341846329.038243 -0.349991977 0.208818242 0.129243255 0.072909631 -0.095465951 0.003486212 0.992752910
1341846329.106125 -0.352392226 0.212431312 0.124452949 0.077752307 -0.095079698 0.001840819 0.992426872
1341846329.138340 -0.346249431 0.192396447 0.124382801 0.078334041 -0.096946798 0.001437529 0.992201090
1341846329.169991 -0.344943732 0.194053292 0.115688160 0.080915853 -0.097906850 0.000372982 0.991900563
1341846329.208656 -0.340195954 0.182368264 0.114464879 0.080837831 -0.099327795 -0.000330298 0.991765678
1341846329.238169 -0.337406933 0.183729544 0.112414800 0.081025399 -0.100518048 -0.000466614 0.991630375
1341846329.273827 -0.337764144 0.166504353 0.107701913 0.078326695 -0.101299465 0.000091689 0.991767824
1341846329.306052 -0.339051574 0.165755600 0.104261175 0.079454601 -0.103505574 -0.000981145 0.991449773
1341846329.338104 -0.333769113 0.163708806 0.101507649 0.076097183 -0.105400346 -0.003428171 0.991508067
1341846329.373907 -0.334735185 0.138876140 0.099168248 0.071727313 -0.105996840 -0.005053757 0.991763234
1341846329.405985 -0.333775640 0.128806502 0.098592728 0.073193565 -0.107561693 -0.007805609 0.991469741
1341846329.442057 -0.336216748 0.127355188 0.091705196 0.073329911 -0.107146814 -0.012200274 0.991460264
1341846329.473950 -0.338030368 0.109448582 0.089075029 0.072191507 -0.108201683 -0.018378589 0.991333961
1341846329.506147 -0.337208867 0.107558385 0.085835740 0.073035873 -0.110187158 -0.020825157 0.991004944
1341846329.542121 -0.339018643 0.091303423 0.076437347 0.070391551 -0.112795651 -0.021589860 0.990886450
1341846329.574086 -0.333751678 0.073390432 0.079801351 0.072301589 -0.115768358 -0.021943010 0.990398228
1341846329.606387 -0.333735853 0.074782915 0.077425167 0.075597666 -0.116202213 -0.023205055 0.990072489
1341846329.641955 -0.338208258 0.070330307 0.071843840 0.075402305 -0.116895333 -0.023165220 0.990006745
1341846329.681570 -0.341757327 0.056508914 0.067006692 0.074223854 -0.119611591 -0.023376200 0.989766359
1341846329.748113 -0.331410468 0.052117933 0.065037817 0.076888815 -0.120566510 -0.025359929 0.989398122
1341846329.810175 -0.333989084 0.025016837 0.064605810 0.073756613 -0.117275745 -0.020851642 0.990137160
1341846329.842255 -0.335469484 0.015849194 0.063243978 0.074857123 -0.117261678 -0.017169889 0.990126908
1341846329.874044 -0.339079916 0.009198505 0.062876344 0.076308183 -0.117046453 -0.013887594 0.990093052
1341846329.910073 -0.336315334 0.014355699 0.055528313 0.076527871 -0.117689319 -0.011417267 0.990031481
1341846329.942009 -0.341633528 0.017181994 0.066191211 0.072248720 -0.117695257 -0.006824533 0.990394592
1341846329.978087 -0.342332721 -0.011566876 0.061538428 0.068807572 -0.117966689 -0.005526983 0.990615368
1341846330.016305 -0.336163670 -0.003261382 0.057218753 0.071532264 -0.117215574 -0.007612118 0.990497708
1341846330.048192 -0.342476636 0.006786678 0.055294372 0.068508364 -0.115283422 -0.006114301 0.990948498
1341846330.080418 -0.340857863 -0.018886898 0.055105291 0.062601209 -0.115495048 -0.004750224 0.991322041
1341846330.115886 -0.343758911 -0.032620944 0.055900507 0.065166496 -0.113678694 -0.003607240 0.991371512
1341846330.147839 -0.344415426 -0.016412482 0.050133780 0.068010099 -0.113836244 -0.001413103 0.991167963
1341846330.181257 -0.340939820 -0.003845942 0.046639264 0.063609704 -0.114506744 0.001178001 0.991383195
1341846330.215852 -0.342548102 -0.020772792 0.049484774 0.056632977 -0.113284975 -0.000203077 0.991947174
1341846330.247833 -0.349025816 -0.026604017 0.048578858 0.054843068 -0.112332173 -0.001251326 0.992155313
1341846330.283913 -0.347715169 -0.011759525 0.046303503 0.052085780 -0.113111019 -0.000889135 0.992215812
1341846330.316011 -0.352286428 -0.026105251 0.047260083 0.045292474 -0.113298811 -0.002692499 0.992524445
1341846330.347868 -0.354894727 -0.035429392 0.045717955 0.042626400 -0.114884652 -0.003570343 0.992457449
1341846330.383835 -0.350336343 -0.038633656 0.045221291 0.040811338 -0.115547106 -0.003769417 0.992456079
1341846330.415934 -0.354200125 -0.053015951 0.046239100 0.040093936 -0.114347890 -0.006051849 0.992612898
1341846330.452561 -0.357055455 -0.055050306 0.044360027 0.042958230 -0.114873923 -0.006475585 0.992429674
1341846330.483903 -0.359265506 -0.048366290 0.039082415 0.042994440 -0.116698474 -0.003840741 0.992228866
1341846330.515970 -0.359950572 -0.058918025 0.036187813 0.040723767 -0.118574291 -0.000856488 0.992109358
1341846330.552099 -0.355935872 -0.061665539 0.035977565 0.041855834 -0.120370261 0.001765082 0.991844714
1341846330.583876 -0.359920055 -0.052178629 0.033038616 0.041788876 -0.120231040 0.001972473 0.991864026
1341846330.619992 -0.365082145 -0.044531219 0.025543638 0.037520453 -0.120930821 0.000892648 0.991951168
1341846330.652136 -0.359835625 -0.055233393 0.025249578 0.030608961 -0.122653604 -0.001599220 0.991976142
1341846330.683796 -0.363474011 -0.055504896 0.025514707 0.026515281 -0.122308277 -0.002741856 0.992134094
1341846330.719991 -0.367943347 -0.068415359 0.017697655 0.023426706 -0.124110632 -0.001777878 0.991990209
1341846330.752103 -0.370749384 -0.071965382 0.015893057 0.024466945 -0.128070086 0.002070449 0.991461098
1341846330.787952 -0.372757465 -0.066067889 0.004618756 0.025252484 -0.132718310 0.005962808 0.990814090
1341846330.819823 -0.370468408 -0.066913225 0.003362797 0.024725994 -0.137136847 0.006108582 0.990224600
1341846330.852208 -0.371465832 -0.057530772 0.003168516 0.024661800 -0.138597637 0.007313289 0.990014672
1341846330.914111 -0.373124063 -0.048043378 -0.004381202 0.015566698 -0.141523197 0.006029710 0.989794195
1341846330.949903 -0.375350118 -0.058591731 -0.006255411 0.012071683 -0.142649636 0.006160271 0.989680469
1341846330.981986 -0.385539293 -0.056666974 -0.013997100 0.013057970 -0.145969763 0.005524036 0.989187479
1341846331.014111 -0.382716089 -0.050358143 -0.012456104 0.012849364 -0.150197566 0.006439358 0.988551497
1341846331.082139 -0.381268919 -0.053560108 -0.021606915 0.014646401 -0.153172225 0.003365816 0.988085210
1341846331.114334 -0.381409973 -0.050526112 -0.023889929 0.014337437 -0.155507699 0.003414707 0.987724721
1341846331.149989 -0.380645454 -0.057706442 -0.021823406 0.014483979 -0.156555250 0.002432774 0.987559974
1341846331.181954 -0.384402007 -0.058401663 -0.028102532 0.017715532 -0.156457528 0.001442901 0.987524748
1341846331.218151 -0.385525852 -0.045785185 -0.029594153 0.017489823 -0.159957275 0.003575215 0.986962497
1341846331.249914 -0.375597894 -0.057286851 -0.019233093 0.014735132 -0.162477300 0.001384016 0.986601293
1341846331.318141 -0.369471371 -0.055019483 -0.021120466 0.026257258 -0.153278515 -0.001793043 0.987832487
1341846331.349926 -0.364569396 -0.052148882 -0.023758270 0.025591722 -0.150935352 -0.003125041 0.988207340
1341846331.382003 -0.338216215 -0.074771360 -0.021362066 0.026987765 -0.146616310 -0.002552910 0.988821924
1341846331.418008 -0.349133223 -0.065273665 -0.016380139 0.034866881 -0.136471659 -0.003183745 0.990025103
1341846331.450327 -0.360690415 -0.051822033 0.000991784 0.037825655 -0.130548641 -0.002254995 0.990717530
1341846331.486219 -0.371866256 -0.045372739 0.004573159 0.038289450 -0.127745479 -0.001784095 0.991065979
1341846331.518344 -0.359422058 -0.050656084 0.004572026 0.036793102 -0.127810135 -0.002817990 0.991111934
1341846331.550202 -0.358186811 -0.060959663 0.011523388 0.038519729 -0.122947730 -0.004223052 0.991656303
1341846331.586139 -0.370954603 -0.043643657 0.020248488 0.042278901 -0.120922670 -0.003509441 0.991754949
1341846331.617931 -0.364359260 -0.041553758 0.025581121 0.041321352 -0.121412449 -0.003681605 0.991734862
1341846331.654027 -0.358325034 -0.049756721 0.039683901 0.041391663 -0.119576372 -0.002841878 0.991957724
1341846331.686123 -0.366377354 -0.037821405 0.042100102 0.044187162 -0.116268888 -0.000570776 0.992234170
1341846331.717954 -0.375173509 -0.028094258 0.048959307 0.041604266 -0.116554707 -0.001281083 0.992311716
1341846331.754076 -0.364378750 -0.042216145 0.065275587 0.038669549 -0.117129140 -0.002083363 0.992361367
1341846331.785920 -0.367377251 -0.044122271 0.071879834 0.041570771 -0.114014365 -0.003335720 0.992603362
1341846331.818053 -0.372566640 -0.029812265 0.082751006 0.042930428 -0.112179473 -0.002720411 0.992756486
1341846331.853849 -0.373206705 -0.039615840 0.093111001 0.041041344 -0.111970142 -0.003726534 0.992856681
1341846331.885987 -0.367123693 -0.040882625 0.105715588 0.044059530 -0.110093720 -0.005565233 0.992928565
1341846331.922014 -0.373511732 -0.033877131 0.114733085 0.046507612 -0.106403723 -0.006662061 0.993212402
1341846331.954037 -0.366143674 -0.032117680 0.126980096 0.046573244 -0.104537338 -0.005171516 0.993416369
1341846331.986135 -0.362024128 -0.046775818 0.147083163 0.047720335 -0.099620000 -0.002837077 0.993876517
1341846332.022364 -0.379702926 -0.046792991 0.156797171 0.054987617 -0.093712866 -0.003191093 0.994074464
1341846332.054175 -0.382813305 -0.040403791 0.167963982 0.061354581 -0.093876131 -0.000592652 0.993691385
1341846332.086502 -0.382131279 -0.038527489 0.177106604 0.063883848 -0.094016582 0.000985531 0.993518353
1341846332.122051 -0.384213865 -0.033225290 0.185633898 0.066192009 -0.092917889 0.000247398 0.993471086
1341846332.153983 -0.390906811 -0.017082565 0.202266738 0.065296307 -0.093451045 -0.001171724 0.993479669
1341846332.190165 -0.396507680 -0.021216953 0.218594551 0.058542386 -0.094855517 -0.004839516 0.993756413
1341846332.254145 -0.403393477 -0.037532713 0.242256016 0.058415733 -0.094241083 -0.007049511 0.993809104
1341846332.289948 -0.407419533 -0.030782199 0.252532661 0.060707491 -0.094426773 -0.004663391 0.993668199
1341846332.322172 -0.410838574 -0.034541011 0.266265839 0.060752608 -0.094881907 -0.002905283 0.993628740
1341846332.354003 -0.404753238 -0.037734728 0.276747376 0.063339129 -0.093778461 -0.005254650 0.993562341
1341846332.390180 -0.403964579 -0.025802867 0.280518115 0.066372268 -0.089284845 -0.008102586 0.993759155
1341846332.422055 -0.412152380 -0.023859523 0.293456763 0.064704686 -0.086455807 -0.011587717 0.994084716
1341846332.458114 -0.406651080 -0.029369432 0.302130401 0.064174399 -0.084837534 -0.015415676 0.994206488
1341846332.489993 -0.418936044 -0.021716185 0.307539284 0.065725528 -0.082316890 -0.012929341 0.994352520
1341846332.522130 -0.425338149 -0.018386055 0.320624053 0.064481750 -0.086122759 -0.006683226 0.994173169
1341846332.558114 -0.423901618 -0.021273825 0.330415159 0.063560009 -0.091685727 -0.000527246 0.993757308
1341846332.589874 -0.416105866 -0.012282476 0.333371460 0.063174807 -0.095025741 0.004068101 0.993459880
1341846332.621889 -0.416821808 -0.004453219 0.337211132 0.059224714 -0.094711378 0.004788840 0.993730009
1341846332.658202 -0.416584432 -0.010774478 0.348931521 0.055051036 -0.093920872 0.002082180 0.994054258
1341846332.690001 -0.417933881 -0.008356173 0.363498479 0.053155459 -0.093049578 0.003590770 0.994235098
1341846332.726000 -0.423822016 -0.010516595 0.375355303 0.051877286 -0.093621932 0.007916852 0.994223833
1341846332.758386 -0.416197032 -0.009697869 0.384762764 0.052149121 -0.097167201 0.009118195 0.993859112
1341846332.789937 -0.407025039 -0.001720577 0.394304395 0.052009843 -0.097283483 0.007949357 0.993865013
1341846332.825925 -0.411346436 -0.003108785 0.409956276 0.050100394 -0.094170503 0.006245228 0.994275033
1341846332.857898 -0.415800571 -0.005674992 0.414618552 0.050730165 -0.092061505 0.004425826 0.994450390
1341846332.894069 -0.408936530 0.005783398 0.424142033 0.051235847 -0.093598738 0.006707913 0.994268179
1341846332.926029 -0.404476494 0.009139322 0.426470876 0.047989290 -0.093154825 0.003602416 0.994487941
1341846332.958015 -0.407543302 0.010123394 0.438692689 0.045420587 -0.090161182 0.000908023 0.994890511
1341846332.994073 -0.405008703 0.012807094 0.450981110 0.042767853 -0.089429855 -0.000975813 0.995074034
1341846333.026545 -0.401507854 0.012979627 0.456944644 0.040540949 -0.088415973 -0.003861001 0.995250762
1341846333.057998 -0.396087408 0.014095392 0.464290261 0.039691202 -0.086747028 -0.002942204 0.995434999
1341846333.094024 -0.397026867 0.013701927 0.477434903 0.039707832 -0.085096873 0.000231036 0.995581090
1341846333.126095 -0.391705781 0.016080756 0.482987672 0.039932277 -0.083944000 0.002374172 0.995667219
1341846333.161973 -0.386160672 0.021797299 0.482388079 0.038949918 -0.081778742 0.004277396 0.995879948
1341846333.195660 -0.390825987 0.023353662 0.493757129 0.036464740 -0.078921936 0.005426827 0.996198893
1341846333.226331 -0.388836712 0.024648886 0.499053627 0.035178002 -0.078663222 0.004392828 0.996270716
1341846333.262056 -0.388378918 0.029211856 0.499785960 0.032448754 -0.078161500 0.002605598 0.996409059
1341846333.294147 -0.389576316 0.027311675 0.509739161 0.029087231 -0.078016311 0.000754276 0.996527374
1341846333.326100 -0.386024624 0.030313440 0.513598144 0.028181972 -0.079654947 0.000455149 0.996423900
1341846333.362100 -0.382609993 0.036658984 0.515749037 0.025139801 -0.080359228 -0.002005331 0.996446848
1341846333.394119 -0.387715816 0.032753088 0.521808267 0.021956734 -0.080462508 -0.002268677 0.996513188
1341846333.429974 -0.383799940 0.034944691 0.522614479 0.021470131 -0.082908422 -0.002606325 0.996322453
1341846333.462115 -0.381472200 0.029966613 0.522838891 0.020817846 -0.082823873 -0.003731027 0.996339738
1341846333.494040 -0.378614694 0.031692035 0.528561413 0.021991599 -0.082442179 -0.004850702 0.996341407
1341846333.529953 -0.373270094 0.032612674 0.530484378 0.022999477 -0.081893399 -0.005046716 0.996362865
1341846333.562063 -0.378281116 0.034754746 0.532083094 0.023910062 -0.078857176 -0.003435474 0.996593237
1341846333.594090 -0.382685274 0.040335532 0.533530176 0.022925731 -0.079191305 -0.002613979 0.996592402
1341846333.629994 -0.381311029 0.042157069 0.530216157 0.019442797 -0.081862874 -0.003949426 0.996446133
1341846333.662127 -0.379213274 0.041777588 0.530250847 0.016400326 -0.082959369 -0.004736031 0.996406734
1341846333.697964 -0.379313916 0.033857714 0.530787110 0.013822163 -0.082822807 -0.004164266 0.996459723
1341846333.730092 -0.380510867 0.033460908 0.525795460 0.016355984 -0.082290471 -0.003274050 0.996468782
1341846333.762089 -0.381704152 0.035444625 0.522016406 0.018075412 -0.081369027 -0.001606618 0.996518791
1341846333.798006 -0.382254601 0.030760877 0.519613922 0.018793227 -0.080760583 -0.001845205 0.996554613
1341846333.830055 -0.379102260 0.032606572 0.516086817 0.022031022 -0.080103837 -0.003540287 0.996536732
1341846333.866045 -0.379931986 0.033696905 0.512731433 0.023489729 -0.078763530 -0.004780308 0.996605098
1341846333.897987 -0.385424793 0.029334014 0.505040050 0.024748815 -0.077963568 -0.005770620 0.996632278
1341846333.930099 -0.384079874 0.027613582 0.499328017 0.027685076 -0.077246964 -0.006739368 0.996604741
1341846333.965889 -0.383707941 0.026834927 0.494395077 0.029763140 -0.076586738 -0.006822267 0.996595263
1341846333.997985 -0.382501185 0.023439460 0.488487452 0.032601029 -0.075758107 -0.006617375 0.996571183
1341846334.030076 -0.385164857 0.025633153 0.482066005 0.035904292 -0.074305616 -0.005219613 0.996575296
1341846334.066000 -0.391049355 0.023016859 0.471405149 0.037031360 -0.073827870 -0.003760441 0.996576130
1341846334.097932 -0.386322707 0.023623854 0.466769040 0.039052088 -0.074527867 -0.004147758 0.996445358
1341846334.133884 -0.390037805 0.024264824 0.459986180 0.040642794 -0.073267527 -0.003437767 0.996477902
1341846334.166115 -0.396956056 0.024972841 0.450608611 0.040703434 -0.073894970 -0.002438487 0.996432006
1341846334.198072 -0.394622058 0.022739612 0.444032818 0.041175339 -0.075837471 -0.003674010 0.996262908
1341846334.234097 -0.391608000 0.024423465 0.437432826 0.041868597 -0.075592153 -0.004805441 0.996247828
1341846334.266045 -0.400172740 0.023688536 0.430752754 0.041895691 -0.073171549 -0.004026432 0.996430874
1341846334.297946 -0.401919365 0.022264250 0.421501130 0.042551603 -0.074537702 -0.002468829 0.996306837
1341846334.334036 -0.400827408 0.024192240 0.413865775 0.043089099 -0.076498426 -0.002166632 0.996135831
1341846334.365871 -0.399213880 0.025155827 0.402852565 0.042664804 -0.076428033 -0.003570607 0.996155500
1341846334.401845 -0.403897583 0.023553494 0.399613440 0.041364659 -0.075158611 -0.005252768 0.996299446
1341846334.433864 -0.409639180 0.021276869 0.391746610 0.041381471 -0.075800397 -0.004459896 0.996253967
1341846334.466105 -0.406134546 0.024461281 0.384187758 0.042083111 -0.077969298 -0.003631386 0.996060550
1341846334.502142 -0.409385264 0.027353108 0.373143196 0.041087214 -0.078725375 -0.003034358 0.996044636
1341846334.540153 -0.408381492 0.024281368 0.365618616 0.040429048 -0.080164745 -0.004492453 0.995951235
1341846334.602351 -0.411057234 0.035906609 0.342389762 0.036768842 -0.083614029 -0.010767374 0.995761454
1341846334.670161 -0.420791984 0.030665657 0.337505817 0.032539692 -0.085468315 -0.018921606 0.995629609
1341846334.702085 -0.421448112 0.024251346 0.322706193 0.030379323 -0.087713286 -0.018314449 0.995513976
1341846334.734751 -0.425222963 0.023775147 0.317397952 0.030672956 -0.089872368 -0.017541155 0.995326281
1341846334.770889 -0.424559712 0.026634030 0.308123410 0.030121628 -0.091894060 -0.013219384 0.995225310
1341846334.802194 -0.425846756 0.030906625 0.299164802 0.030131111 -0.094475433 -0.012671289 0.994990468
1341846334.833908 -0.422045588 0.029444940 0.283208787 0.029763492 -0.095772266 -0.014809391 0.994847953
1341846334.869874 -0.421411186 0.031285614 0.273213804 0.028030830 -0.096376501 -0.014639372 0.994842470
1341846334.902006 -0.424468458 0.027649961 0.259651333 0.026094876 -0.097709768 -0.014568535 0.994766116
1341846334.938010 -0.427543014 0.028931992 0.254889250 0.026053827 -0.100636765 -0.015696051 0.994458199
1341846334.970032 -0.429543585 0.024948863 0.251557648 0.025680909 -0.101147480 -0.016903227 0.994396269
1341846335.002203 -0.431105107 0.022179427 0.241905406 0.026572226 -0.100968830 -0.014500107 0.994428933
1341846335.037880 -0.429545194 0.024129666 0.223066047 0.028208010 -0.104370683 -0.010054447 0.994087517
1341846335.069990 -0.430640221 0.027539572 0.218049675 0.029537030 -0.106786296 -0.012680194 0.993762255
1341846335.106038 -0.428832054 0.025918525 0.211569831 0.030101910 -0.105743751 -0.014416659 0.993833125
1341846335.138045 -0.430884510 0.023434144 0.196902752 0.031257022 -0.104430676 -0.014278943 0.993938267
1341846335.169900 -0.424669594 0.024433214 0.172678828 0.030971289 -0.107426569 -0.013795108 0.993634760
1341846335.206091 -0.431884944 0.027312584 0.172099471 0.031291235 -0.108399399 -0.017257247 0.993465006
1341846335.239365 -0.425903857 0.023167145 0.166311890 0.031496573 -0.107929744 -0.019964229 0.993458927
1341846335.269948 -0.428071141 0.018851820 0.153897777 0.032451678 -0.106552094 -0.020325290 0.993569553
1341846335.305972 -0.430777580 0.019839790 0.140559241 0.034223642 -0.107949667 -0.018981995 0.993385792
1341846335.338012 -0.426397443 0.017014466 0.136755049 0.035366356 -0.109867834 -0.017805973 0.993157208
1341846335.374005 -0.421548098 0.008472946 0.128648803 0.039246593 -0.108575530 -0.016897831 0.993169427
1341846335.406025 -0.424944967 0.011143509 0.119082987 0.046128701 -0.105852388 -0.013861274 0.993214607
1341846335.438079 -0.418517619 0.015625682 0.101820812 0.050738934 -0.105561413 -0.009766656 0.993069470
1341846335.473998 -0.413959175 0.021869747 0.092604071 0.053223401 -0.104325466 -0.008572911 0.993081033
1341846335.507038 -0.411410928 0.025505494 0.081100531 0.054578606 -0.101816244 -0.010305407 0.993251443
1341846335.538040 -0.416793048 0.033574671 0.071783520 0.054800726 -0.098728240 -0.012304005 0.993528187
1341846335.574119 -0.420160025 0.035338953 0.060174569 0.052126519 -0.098726019 -0.012196005 0.993673623
1341846335.605970 -0.420673758 0.029278286 0.053320535 0.050574366 -0.099099025 -0.013889598 0.993694484
1341846335.641978 -0.414772511 0.030955594 0.041766234 0.052154262 -0.098213330 -0.015929623 0.993670106
1341846335.673993 -0.419560581 0.035057865 0.031628504 0.052101161 -0.097139947 -0.015753554 0.993781209
1341846335.706178 -0.420073837 0.033099629 0.020944797 0.051274888 -0.098512813 -0.015292185 0.993696272
1341846335.741982 -0.416171640 0.032784753 0.013723940 0.051897984 -0.099007539 -0.016049024 0.993602753
1341846335.773960 -0.416019022 0.036720142 0.000560708 0.052047670 -0.098372579 -0.016281750 0.993654251
1341846335.806271 -0.414912611 0.043463990 -0.010992259 0.050605137 -0.098970614 -0.016534297 0.993665218
1341846335.842031 -0.411846101 0.035548083 -0.018978328 0.048000079 -0.098231718 -0.016618326 0.993866384
1341846335.873966 -0.412121952 0.036960442 -0.028510854 0.049270932 -0.096578099 -0.017149121 0.993957222
1341846335.910005 -0.417319804 0.042129055 -0.042089697 0.048744868 -0.096247584 -0.015419432 0.994043529
1341846335.941936 -0.416850984 0.041077472 -0.055358157 0.047343038 -0.098016597 -0.014638558 0.993950248
1341846335.974198 -0.415218890 0.041634474 -0.061847132 0.047474485 -0.099079743 -0.016801709 0.993804336
1341846336.010032 -0.413884610 0.043294143 -0.075350821 0.047394458 -0.099019423 -0.017913878 0.993794739
1341846336.042129 -0.415728122 0.044152353 -0.091624387 0.046436887 -0.100069940 -0.017563349 0.993740976
1341846336.078076 -0.417545646 0.042191040 -0.095795713 0.046446957 -0.101923309 -0.018674402 0.993531883
1341846336.110739 -0.413145870 0.043933507 -0.102814183 0.047130596 -0.102535069 -0.019743424 0.993416071
1341846336.142002 -0.418756545 0.042397466 -0.115041360 0.046674632 -0.102109239 -0.019025736 0.993495464
1341846336.183953 -0.419044673 0.048336662 -0.128308252 0.046530273 -0.104831144 -0.017590018 0.993245125
1341846336.241891 -0.417395860 0.047739409 -0.136349097 0.044704206 -0.105454251 -0.019079080 0.993235528
1341846336.277946 -0.422604412 0.041001294 -0.147872314 0.044399254 -0.104787752 -0.016993649 0.993357658
1341846336.309977 -0.425781459 0.043349940 -0.154447183 0.046820469 -0.107373081 -0.013795981 0.993019879
1341846336.346143 -0.421713650 0.047949810 -0.165383846 0.048699480 -0.108929649 -0.012767175 0.992773712
1341846336.377975 -0.421207160 0.046571489 -0.170644835 0.049477551 -0.108812444 -0.013385572 0.992739916
1341846336.410032 -0.423184574 0.051311880 -0.181116343 0.050775878 -0.107882991 -0.013201947 0.992778301
1341846336.446041 -0.422499925 0.055787694 -0.193177253 0.050406411 -0.108355641 -0.013159975 0.992746174
1341846336.477990 -0.421012253 0.054159760 -0.196500480 0.049423542 -0.108592644 -0.013570294 0.992764175
1341846336.510056 -0.426454008 0.053357765 -0.200599462 0.049763553 -0.107291058 -0.013845178 0.992884934
1341846336.546024 -0.424327791 0.052915417 -0.206990302 0.050397981 -0.107615627 -0.011334954 0.992849648
1341846336.578003 -0.424659222 0.059850879 -0.219263226 0.050091863 -0.107833631 -0.009232893 0.992863297
1341846336.614020 -0.420633733 0.060940158 -0.217725873 0.049805246 -0.107563570 -0.010561272 0.992893755
1341846336.645982 -0.424803793 0.067823514 -0.227829441 0.049043421 -0.105936848 -0.010575357 0.993106365
1341846336.678036 -0.429600865 0.060997479 -0.231627464 0.046494178 -0.107681289 -0.010067000 0.993046701
1341846336.714024 -0.432169974 0.054247204 -0.233394891 0.048012309 -0.109664954 -0.010976357 0.992747664
1341846336.746016 -0.436676204 0.050775662 -0.247592747 0.051149648 -0.111351445 -0.008302715 0.992429137
1341846336.778014 -0.434177697 0.058351666 -0.256939113 0.053521104 -0.115717500 -0.004201086 0.991830289
1341846336.820006 -0.434386104 0.063659146 -0.259254396 0.053991266 -0.119497210 -0.002321657 0.991362691
1341846336.882056 -0.435342163 0.059826486 -0.278288901 0.056623310 -0.121392816 -0.004042821 0.990979910
1341846336.914273 -0.449876666 0.052623961 -0.276816905 0.058353022 -0.125225455 -0.002269111 0.990408182
1341846336.945998 -0.449828804 0.051427349 -0.279588282 0.063856781 -0.131489083 0.000657577 0.989258587
1341846336.981980 -0.439642459 0.073002979 -0.299158931 0.068411998 -0.135527074 -0.001397406 0.988407969
1341846337.014238 -0.432614148 0.079410940 -0.313631952 0.065899268 -0.138490751 -0.003305470 0.988163292
1341846337.046017 -0.433851182 0.071983680 -0.306728154 0.063501328 -0.139652908 -0.008519121 0.988125503
1341846337.082104 -0.434489518 0.070773594 -0.317048430 0.062716536 -0.139941588 -0.010900468 0.988111377
1341846337.114317 -0.437774539 0.071135275 -0.322359174 0.061208587 -0.141864210 -0.012072966 0.987918139
1341846337.150037 -0.431894571 0.069169760 -0.326665998 0.059494603 -0.143984646 -0.013532248 0.987697184
1341846337.181873 -0.431996047 0.070695668 -0.318070769 0.059582513 -0.144116938 -0.016480414 0.987627745
1341846337.214073 -0.434287041 0.077900156 -0.325029135 0.057844345 -0.142145067 -0.018946670 0.987972617
1341846337.250087 -0.443511516 0.064028844 -0.331874192 0.054114282 -0.143158823 -0.017635826 0.988061845
1341846337.282028 -0.438486218 0.062220365 -0.335097969 0.054679248 -0.147741646 -0.014221683 0.987410903
1341846337.317920 -0.431736201 0.071853667 -0.327516347 0.054871622 -0.149546877 -0.013737164 0.987135291
1341846337.350018 -0.434579760 0.079161197 -0.335166752 0.053933531 -0.148607314 -0.014328181 0.987320483
1341846337.382159 -0.431567729 0.070580542 -0.330855608 0.050912738 -0.148566917 -0.016723409 0.987449288
1341846337.417941 -0.436650783 0.060672779 -0.340096295 0.051089473 -0.147517458 -0.016153837 0.987606943
1341846337.450137 -0.435882777 0.072813116 -0.349549502 0.052189242 -0.149180919 -0.015334839 0.987312615
1341846337.482096 -0.434068501 0.069519930 -0.345032990 0.050366461 -0.149517894 -0.014666792 0.987366438
1341846337.518008 -0.437200010 0.064300746 -0.342311084 0.051073946 -0.149988085 -0.014547789 0.987260580
1341846337.549978 -0.437583506 0.079482079 -0.348749042 0.052372210 -0.150691435 -0.016220309 0.987059355
1341846337.585971 -0.434679717 0.072093874 -0.346433789 0.049258754 -0.151098639 -0.017523648 0.987135112
1341846337.617903 -0.432645559 0.055055656 -0.343326390 0.049311109 -0.152002841 -0.016206998 0.987016141
1341846337.650141 -0.430039346 0.069051191 -0.349602103 0.052794751 -0.152124286 -0.017284935 0.986798942
1341846337.686352 -0.431455135 0.076002404 -0.347207427 0.051340144 -0.151881903 -0.016622998 0.986924410
1341846337.718002 -0.429020047 0.071479104 -0.344992876 0.049128428 -0.151451409 -0.016888961 0.987098575
1341846337.749920 -0.424585849 0.075388029 -0.334918320 0.049242746 -0.150131628 -0.017166058 0.987289727
1341846337.786157 -0.428387433 0.082344376 -0.330277503 0.046577599 -0.147000983 -0.017491287 0.987884223
1341846337.817945 -0.425059378 0.074093103 -0.324278951 0.043971866 -0.145091847 -0.016765757 0.988298416
1341846337.854071 -0.425033033 0.082695931 -0.318798244 0.043322258 -0.141931266 -0.017196709 0.988778532
1341846337.885951 -0.430879802 0.089148134 -0.313258111 0.040512968 -0.139093235 -0.018749760 0.989272535
1341846337.918223 -0.428296745 0.085538954 -0.311381161 0.036590204 -0.137882769 -0.021880465 0.989530563
1341846337.954120 -0.431402028 0.080820858 -0.304883301 0.034149904 -0.136048853 -0.023003615 0.989846110
1341846337.985994 -0.433838844 0.093581930 -0.290296555 0.032225132 -0.135209441 -0.022695158 0.990032792
1341846338.018107 -0.429760635 0.087963395 -0.283523798 0.028381284 -0.133949623 -0.022105809 0.990334988
1341846338.054055 -0.428968072 0.092027962 -0.279426932 0.026494274 -0.132634953 -0.022870792 0.990546763
1341846338.085986 -0.424986243 0.088620804 -0.269457787 0.023174990 -0.129487291 -0.023928279 0.991021395
1341846338.121875 -0.427064687 0.081941582 -0.266761422 0.020464685 -0.127142057 -0.022161003 0.991425753
1341846338.154089 -0.433226436 0.084231280 -0.260327250 0.019581676 -0.126069143 -0.018923219 0.991647661
1341846338.186029 -0.430964649 0.085883826 -0.253464162 0.018021554 -0.126712203 -0.016401712 0.991640151
1341846338.222071 -0.426026165 0.087068699 -0.240637034 0.016884193 -0.126151487 -0.016952442 0.991722405
1341846338.254107 -0.425330639 0.082548127 -0.234943658 0.014793473 -0.124287516 -0.016766127 0.991994262
1341846338.290130 -0.426551908 0.082893476 -0.220589966 0.015303465 -0.124386691 -0.014950132 0.992003143
1341846338.321952 -0.428994656 0.087727562 -0.214912549 0.015495070 -0.123341151 -0.013039589 0.992157698
1341846338.354022 -0.425143063 0.085755974 -0.203866363 0.014616025 -0.123326778 -0.012482602 0.992179990
1341846338.389969 -0.427981853 0.092304774 -0.197327942 0.014619574 -0.121914528 -0.012469648 0.992354631
1341846338.422377 -0.431130916 0.089128658 -0.186189651 0.012378359 -0.121432550 -0.012278623 0.992446542
1341846338.454010 -0.430925190 0.094696328 -0.175873861 0.012037493 -0.121955581 -0.013449789 0.992371440
1341846338.489894 -0.431044400 0.090693437 -0.162799388 0.010061327 -0.122371361 -0.013494303 0.992341638
1341846338.522066 -0.430154979 0.086300880 -0.144606993 0.010248167 -0.122728415 -0.012976461 0.992302537
1341846338.558058 -0.430429280 0.096187584 -0.148447111 0.010498878 -0.122237831 -0.014171187 0.992344141
1341846338.589842 -0.430352896 0.091206670 -0.124767408 0.007798673 -0.123085953 -0.014088010 0.992265344
1341846338.622019 -0.429800808 0.086351231 -0.110811867 0.008148477 -0.122295253 -0.012249310 0.992384732
1341846338.657984 -0.430049956 0.096589506 -0.123438962 0.009285690 -0.121694230 -0.011986984 0.992451847
1341846338.690198 -0.429405510 0.099399433 -0.101706967 0.007398966 -0.122852720 -0.011950759 0.992325366
1341846338.722454 -0.426515609 0.091137588 -0.087175384 0.006036361 -0.122182146 -0.011620531 0.992421269
1341846338.757945 -0.431456238 0.098518148 -0.090350620 0.006464933 -0.121573895 -0.009794414 0.992513001
1341846338.790039 -0.430436939 0.095093653 -0.072097838 0.003858087 -0.123980328 -0.009043811 0.992235959
1341846338.826048 -0.423889369 0.094355687 -0.058750447 0.004727483 -0.123659275 -0.011093890 0.992251456
1341846338.858027 -0.428547770 0.101725191 -0.055076536 0.005127495 -0.121518679 -0.012118922 0.992501915
1341846338.889902 -0.427776515 0.099806458 -0.040234186 0.002339785 -0.122813448 -0.012226432 0.992351711
1341846338.925948 -0.422933370 0.096290186 -0.026497558 0.001800278 -0.122713275 -0.014615571 0.992332876
1341846338.958108 -0.426998287 0.096719824 -0.017234363 0.002314462 -0.120387197 -0.015515382 0.992603064
1341846338.990057 -0.429596901 0.094238281 -0.001704536 0.002345320 -0.120142139 -0.014553692 0.992647231
1341846339.025928 -0.424123377 0.091733940 0.009442523 0.004356522 -0.119961776 -0.013682663 0.992674649
1341846339.057939 -0.424736351 0.099507160 0.017046027 0.007587549 -0.117572434 -0.013586100 0.992942393
1341846339.093927 -0.430069298 0.108006395 0.017213903 0.007017800 -0.117304973 -0.012824453 0.992988348
1341846339.126562 -0.423996985 0.109707333 0.033861943 0.003855878 -0.118917644 -0.014014573 0.992797732
1341846339.157969 -0.420183063 0.107354619 0.048694007 0.001431664 -0.116834395 -0.015409992 0.993030846
1341846339.194113 -0.428598523 0.112579122 0.056409106 -0.000264605 -0.115000963 -0.014652547 0.993257225
1341846339.228165 -0.427875519 0.116169401 0.066800959 -0.003891133 -0.117002606 -0.012691821 0.993042886
1341846339.257998 -0.419122785 0.108366981 0.085648037 -0.007084282 -0.117253371 -0.012787428 0.992994428
1341846339.294132 -0.421443611 0.112643965 0.091228299 -0.007050896 -0.114653364 -0.011536948 0.993313491
1341846339.326577 -0.427415341 0.126461402 0.094741091 -0.010219247 -0.115848765 -0.008550717 0.993177474
1341846339.362269 -0.422121793 0.121188901 0.113023877 -0.014604721 -0.118652634 -0.012232915 0.992753029
1341846339.394725 -0.417766124 0.121146634 0.121066213 -0.015328754 -0.116801426 -0.012104919 0.992963195
1341846339.462186 -0.417116165 0.119533055 0.143656671 -0.018741066 -0.117699072 -0.013236813 0.992784202
1341846339.496743 -0.404318124 0.115868896 0.153337941 -0.016040651 -0.115236305 -0.014616113 0.993101001
1341846339.562052 -0.415850401 0.114459395 0.174082726 -0.014987927 -0.111206740 -0.012435841 0.993606448
1341846339.595122 -0.404522270 0.115175292 0.184843928 -0.012733039 -0.111710250 -0.013045412 0.993573606
1341846339.632085 -0.404888421 0.122006677 0.190634102 -0.010023133 -0.107700363 -0.015820855 0.994006932
1341846339.664568 -0.403811932 0.120455801 0.200113535 -0.009955384 -0.105314441 -0.017036632 0.994243145
1341846339.698896 -0.405257016 0.116234392 0.210100174 -0.010395622 -0.104093596 -0.017677905 0.994356036
1341846339.731977 -0.403484881 0.114748701 0.218155205 -0.010281500 -0.104015864 -0.019420624 0.994332850
1341846339.762241 -0.399341881 0.109640382 0.228452593 -0.010380542 -0.103192590 -0.019283386 0.994420290
1341846339.797873 -0.400571555 0.109628849 0.234688833 -0.010418994 -0.102645695 -0.018076224 0.994499147
1341846339.830245 -0.397890776 0.109059580 0.244322360 -0.010685920 -0.103346847 -0.017766066 0.994429290
1341846339.862015 -0.396417916 0.110578030 0.249297738 -0.010879348 -0.103215039 -0.018162929 0.994433701
1341846339.897797 -0.392561138 0.108215719 0.257778585 -0.012067092 -0.102544032 -0.018298257 0.994486928
1341846339.929916 -0.395917892 0.102565803 0.268090159 -0.013069031 -0.101102278 -0.016489835 0.994653523
1341846339.961960 -0.393454194 0.100343831 0.273840010 -0.012060123 -0.101904444 -0.015898665 0.994594038
1341846339.997845 -0.387225837 0.102406166 0.277083755 -0.010386731 -0.101159811 -0.015656535 0.994692743
1341846340.029925 -0.389982998 0.101680681 0.284840256 -0.009476886 -0.098404974 -0.014686081 0.994992912
1341846340.066044 -0.388468683 0.100126699 0.291137725 -0.007568853 -0.097418778 -0.012957483 0.995130301
1341846340.098009 -0.387169123 0.104134612 0.296748966 -0.006395268 -0.097042575 -0.012220732 0.995184660
1341846340.130102 -0.385266572 0.102666713 0.302595288 -0.007186162 -0.097261980 -0.013411065 0.995142519
1341846340.166041 -0.380487233 0.095570222 0.308283389 -0.006665139 -0.095347881 -0.015847182 0.995295525
1341846340.197867 -0.384184480 0.101440169 0.316225618 -0.004791909 -0.092674650 -0.014992046 0.995572031
1341846340.229904 -0.384202570 0.104493402 0.324291468 -0.005829344 -0.092899814 -0.015304076 0.995540798
1341846340.265859 -0.382965326 0.096137524 0.334950298 -0.007092607 -0.091743357 -0.016392646 0.995622516
1341846340.298061 -0.381714642 0.099624820 0.341123223 -0.004355502 -0.089630663 -0.015323498 0.995847642
1341846340.334063 -0.386442930 0.106745124 0.345822841 -0.004940199 -0.090102933 -0.013127502 0.995833695
1341846340.366064 -0.381855398 0.096246555 0.356595486 -0.007766170 -0.092464067 -0.014722811 0.995576859
1341846340.397995 -0.377291799 0.097471662 0.356708437 -0.005393020 -0.092112280 -0.014857761 0.995623171
1341846340.433895 -0.377736360 0.098095641 0.364557505 -0.004907792 -0.092601389 -0.013438135 0.995600462
1341846340.465959 -0.378649175 0.099085927 0.366631508 -0.004338662 -0.094729923 -0.011585233 0.995426118
1341846340.501858 -0.373253167 0.098484501 0.366206348 -0.003739856 -0.098507427 -0.011762429 0.995059788
1341846340.534329 -0.367598355 0.096814230 0.365323961 -0.003713623 -0.100214086 -0.011904929 0.994887769
1341846340.566041 -0.366732061 0.092234835 0.370860457 -0.002806902 -0.101099953 -0.011442310 0.994806468
1341846340.601909 -0.357999653 0.093649961 0.368247837 -0.000247974 -0.102404974 -0.010864750 0.994683385
1341846340.634005 -0.356284916 0.098046064 0.365539134 0.000973410 -0.102859013 -0.011619961 0.994627595
1341846340.666028 -0.350742429 0.092359558 0.363410175 0.000295606 -0.102749914 -0.013749818 0.994612157
1341846340.701946 -0.349737406 0.091169685 0.364835203 0.002462834 -0.101250507 -0.016089968 0.994727790
1341846340.733954 -0.344760448 0.096958183 0.361643821 0.004321013 -0.100074753 -0.017126210 0.994823098
1341846340.770081 -0.346013963 0.098006025 0.359848201 0.003920373 -0.099239446 -0.020089585 0.994853020
1341846340.801980 -0.336899966 0.092836611 0.356490076 0.003742087 -0.099145815 -0.024968671 0.994752586
1341846340.833999 -0.338568091 0.098968275 0.356099159 0.004763151 -0.096429519 -0.028636234 0.994916379
1341846340.870013 -0.343340993 0.096880160 0.360733658 0.003444573 -0.096122541 -0.030551100 0.994894564
1341846340.901955 -0.337439805 0.092627481 0.361356139 0.003978958 -0.097167060 -0.030316131 0.994798303
1341846340.933918 -0.340923548 0.096060172 0.359768271 0.006007789 -0.097464263 -0.027258385 0.994847536
1341846340.970122 -0.345792055 0.098936677 0.358744323 0.007063264 -0.099811874 -0.022127913 0.994735181
1341846341.001922 -0.342921257 0.091478564 0.357200742 0.006568040 -0.104170419 -0.017323833 0.994386852
1341846341.037923 -0.338294685 0.093600295 0.350353360 0.007775250 -0.106914617 -0.014780996 0.994127929
1341846341.070300 -0.337558538 0.091517657 0.343271554 0.008016411 -0.107434779 -0.014901596 0.994068146
1341846341.102028 -0.335646391 0.091468602 0.337622166 0.007479192 -0.109183967 -0.013484586 0.993901968
1341846341.137982 -0.335999817 0.090766415 0.341593802 0.007599043 -0.111242868 -0.013597737 0.993671179
1341846341.170048 -0.334028751 0.092265710 0.338826060 0.008489437 -0.111815333 -0.013115888 0.993606150
1341846341.202110 -0.334274650 0.087955944 0.334438950 0.009115682 -0.112027459 -0.010940156 0.993603051
1341846341.237996 -0.332388163 0.088997141 0.333429635 0.011072434 -0.111776613 -0.010541452 0.993615746
1341846341.269883 -0.334459722 0.090515874 0.332579762 0.012269650 -0.111337006 -0.009459306 0.993661940
1341846341.306107 -0.334241956 0.090819962 0.328100502 0.012964698 -0.111887284 -0.010747101 0.993578196
1341846341.338109 -0.331791848 0.091454282 0.325439274 0.014048220 -0.111617729 -0.012299733 0.993575752
1341846341.370120 -0.331895828 0.091189571 0.324571222 0.014873564 -0.110347852 -0.014973775 0.993668914
1341846341.406074 -0.337823480 0.088876665 0.324708104 0.014861136 -0.109355025 -0.015864711 0.993765056
1341846341.438113 -0.336173117 0.084365904 0.324628532 0.015422503 -0.111636363 -0.014884955 0.993517935
1341846341.470024 -0.332327038 0.084515706 0.318957806 0.018209700 -0.111945450 -0.016633369 0.993408263
1341846341.506077 -0.337044895 0.093849480 0.319988370 0.019475197 -0.110612832 -0.018158698 0.993506789
1341846341.538156 -0.343086660 0.090418085 0.321066529 0.018056842 -0.111855544 -0.017708780 0.993402600
1341846341.574016 -0.335273564 0.089147426 0.318352431 0.018688437 -0.115001641 -0.016225873 0.993056953
1341846341.612466 -0.336892575 0.092208274 0.313879520 0.019215297 -0.115195498 -0.015519738 0.993035674
1341846341.643972 -0.338709950 0.095305130 0.311714649 0.018876953 -0.116219305 -0.017132584 0.992896378
1341846341.679982 -0.338761270 0.091042966 0.312200248 0.018018607 -0.117882676 -0.016381839 0.992728889
1341846341.712332 -0.343873531 0.093262576 0.307905346 0.018821988 -0.119160391 -0.014129204 0.992596030
1341846341.744185 -0.341158032 0.090964511 0.306800723 0.018610511 -0.121503800 -0.011710854 0.992347360
1341846341.780061 -0.339544982 0.092446029 0.304992110 0.018878544 -0.122177027 -0.010348647 0.992274821
1341846341.842595 -0.333765030 0.085343473 0.300243258 0.020184679 -0.123705380 -0.005287122 0.992099583
1341846341.906227 -0.334974378 0.081398785 0.296450019 0.022795945 -0.124046654 -0.000548276 0.992014349
1341846341.942069 -0.333324730 0.077020779 0.291819900 0.025480017 -0.124213666 0.002060546 0.991926134
1341846341.974775 -0.329866588 0.079827748 0.287916541 0.028879976 -0.124737516 0.003996930 0.991761327
1341846342.010161 -0.334229946 0.081252716 0.288771451 0.029550897 -0.125697061 0.005589617 0.991612673
1341846342.042024 -0.327846408 0.073325709 0.288373023 0.030314196 -0.126975387 0.006499538 0.991421223
1341846342.080032 -0.322993875 0.078658991 0.284907967 0.033098534 -0.125213712 0.006711090 0.991554797
1341846342.112265 -0.330000907 0.072380558 0.284681380 0.032547306 -0.123853788 0.008338411 0.991731524
1341846342.147954 -0.329352885 0.068244509 0.286370575 0.034393448 -0.125134543 0.010906199 0.991483450
1341846342.179852 -0.322681516 0.069110021 0.280882895 0.037016273 -0.125272900 0.012329203 0.991354883
1341846342.211848 -0.326319188 0.073018931 0.286036402 0.038296636 -0.124510966 0.011928315 0.991407156
1341846342.247920 -0.326801181 0.069282480 0.281423599 0.039225779 -0.124023892 0.010625050 0.991446674
1341846342.279870 -0.322196811 0.069042593 0.279655993 0.040493496 -0.124002136 0.011822616 0.991384864
1341846342.316068 -0.319811583 0.070081145 0.277652562 0.041829482 -0.124137856 0.012970506 0.991298079
1341846342.347894 -0.321118981 0.072554670 0.277501345 0.042519372 -0.123867296 0.012603536 0.991307259
1341846342.379953 -0.320367932 0.070575900 0.274621248 0.042527273 -0.123253107 0.012533043 0.991384387
1341846342.416195 -0.322554678 0.071607828 0.275295705 0.043135747 -0.122832403 0.013646385 0.991395652
