1341846434.710184 0.0000000 0.0000000 0.0000000 0.0000000 0.0000000 0.0000000 1.0000000
1341846434.978088 0.0568788 -0.0180076 -0.0321571 -0.0015217 -0.0281470 -0.0281595 0.9992059
1341846435.045942 0.0826192 -0.0225636 -0.0320550 0.0013188 -0.0378761 -0.0280530 0.9988877
1341846435.113961 0.1053159 -0.0347479 -0.0291559 0.0060829 -0.0363675 -0.0277735 0.9989340
1341846435.950077 0.3644836 -0.0783620 -0.0521175 0.0259123 -0.1342635 -0.0149382 0.9904942
1341846436.085970 0.4032864 -0.0732556 -0.0481380 0.0258700 -0.1530010 -0.0070143 0.9878625
1341846437.226114 0.6835057 -0.0448200 0.0927767 -0.0090201 -0.2902019 0.0044956 0.9569124
1341846437.464061 0.7224211 -0.0678184 0.1340398 -0.0545092 -0.3203973 0.0042060 0.9457043
1341846437.536428 0.7320794 -0.1055459 0.1561820 -0.0649557 -0.3287357 0.0046934 0.9421738
1341846437.700232 0.7697918 -0.0850215 0.2025651 -0.0467370 -0.3352298 0.0000255 0.9409764
1341846438.030032 0.8240984 -0.0702558 0.2405044 -0.0427732 -0.3118311 -0.0003704 0.9491742
1341846438.130017 0.8261901 -0.1023396 0.2690460 -0.0421205 -0.3171159 -0.0003523 0.9474509
1341846438.665920 0.7498934 -0.0754383 0.2837182 -0.0476989 -0.2567990 0.0035481 0.9652805
1341846442.286112 -0.6473807 -0.0981119 0.3478419 -0.0190514 0.2260992 0.0103884 0.9738625
1341846442.318240 -0.6502030 -0.0953286 0.3639246 -0.0247149 0.2372742 0.0133917 0.9710360
1341846442.417971 -0.6830353 -0.1098225 0.3918466 -0.0384473 0.2618976 0.0157116 0.9642015
1341846442.455016 -0.7007118 -0.1148334 0.4258440 -0.0427000 0.2726249 0.0187163 0.9609901
1341846442.585989 -0.7085564 -0.1037862 0.4490868 -0.0568098 0.3056852 0.0336893 0.9498391
1341846443.558139 -0.9135013 -0.1037779 0.6975210 -0.0446787 0.3978808 0.0551996 0.9146845
1341846443.726282 -0.9496442 -0.1119705 0.7650717 -0.0655922 0.4323569 0.0632853 0.8970842
1341846443.831984 -0.9758070 -0.0959345 0.7896553 -0.0721061 0.4343877 0.0661842 0.8953925
1341846444.261919 -1.0222957 -0.0934346 0.9125914 -0.0890072 0.4298345 0.0714919 0.8956611
1341846444.898025 -0.9758003 -0.1062844 0.7879790 -0.0761658 0.3781732 0.0718936 0.9197908
1341846445.202068 -0.9121391 -0.1203525 0.6726110 -0.0774751 0.3382539 0.0612409 0.9358587
1341846448.954059 -0.1561282 -0.1212803 0.1435859 -0.1989068 0.0355936 0.0010577 0.9793712
1341846449.121998 -0.1354926 -0.1893765 0.1791560 -0.2241463 0.0371493 -0.0030314 0.9738425
1341846449.190066 -0.1397707 -0.2124500 0.1616954 -0.2231475 0.0398500 -0.0062349 0.9739498
1341846449.390027 -0.1280001 -0.2305844 0.1959781 -0.2324603 0.0481101 0.0094573 0.9713692
1341846449.458035 -0.1236486 -0.2450119 0.1997240 -0.2238027 0.0507295 0.0148311 0.9732003
1341846449.558288 -0.1088620 -0.2692474 0.2232960 -0.2281187 0.0521435 0.0191865 0.9720467
1341846449.658161 -0.1272240 -0.2831455 0.2433815 -0.2209716 0.0534465 0.0124306 0.9737353
1341846449.694129 -0.1208903 -0.2888348 0.2535231 -0.2260437 0.0545804 0.0111652 0.9725228
1341846449.861992 -0.1318682 -0.3554665 0.3214254 -0.2475051 0.0568558 0.0122899 0.9671389
1341846449.894052 -0.1346408 -0.3540223 0.3453075 -0.2452770 0.0533204 0.0086261 0.9679472
1341846449.925963 -0.1316817 -0.3525828 0.3499411 -0.2394630 0.0566627 0.0098384 0.9692007
1341846450.094160 -0.1051448 -0.4021682 0.3965298 -0.2443900 0.0582853 0.0000548 0.9679238
1341846450.398035 -0.1257118 -0.4699477 0.5063203 -0.2658580 0.0514909 -0.0123542 0.9625568
1341846450.666178 -0.1049741 -0.5319886 0.6014652 -0.2852912 0.0247159 -0.0209141 0.9578938
1341846450.966100 -0.1249089 -0.5655093 0.6678354 -0.3070827 -0.0027165 -0.0372872 0.9509482
1341846451.102153 -0.1364455 -0.5684844 0.6836568 -0.3193954 -0.0077274 -0.0522279 0.9461496
1341846451.234790 -0.1479006 -0.5672840 0.6880856 -0.3257555 -0.0101887 -0.0537753 0.9438685
1341846451.334095 -0.1385923 -0.5630110 0.6971309 -0.3171047 -0.0153023 -0.0565130 0.9465816
1341846451.838004 -0.1531592 -0.4935023 0.5469165 -0.2762957 0.0340623 -0.0565907 0.9588003
1341846451.937970 -0.1540044 -0.4612238 0.5145174 -0.2737893 0.0360471 -0.0546758 0.9595575
1341846452.037935 -0.1769605 -0.4950292 0.4957615 -0.2638232 0.0290750 -0.0579555 0.9623893
1341846452.206235 -0.1823429 -0.4485795 0.4388044 -0.2334986 0.0155037 -0.0427077 0.9712951
1341846452.774020 -0.1974303 -0.3077331 0.2835363 -0.1684308 0.0190752 -0.0135620 0.9854356
1341846453.046005 -0.2246110 -0.2474407 0.2418765 -0.1531481 0.0352626 -0.0170958 0.9874259
1341846453.152099 -0.2456048 -0.2324910 0.2565383 -0.1449755 0.0379130 -0.0223327 0.9884564
1341846453.210744 -0.2571324 -0.2192550 0.2611991 -0.1358703 0.0396467 -0.0275750 0.9895489
1341846453.281016 -0.2599543 -0.2073291 0.2561550 -0.1223877 0.0391434 -0.0360380 0.9910551
1341846453.346478 -0.2694289 -0.2203746 0.2497863 -0.1131512 0.0413300 -0.0402285 0.9919024
1341846453.413993 -0.2698171 -0.1837162 0.2554420 -0.0946648 0.0424879 -0.0495354 0.9933678
1341846453.447282 -0.2862207 -0.2021327 0.2503757 -0.0881472 0.0453772 -0.0551729 0.9935426
1341846453.489022 -0.2784556 -0.1881596 0.2512871 -0.0732888 0.0408956 -0.0502926 0.9952019
1341846455.090050 -0.3166227 0.2655846 0.2911464 0.0970264 0.0438850 -0.0113167 0.9942494
1341846455.153946 -0.3055367 0.2896061 0.2968275 0.1048904 0.0433692 -0.0037027 0.9935308
1341846455.289996 -0.3096772 0.3415489 0.2950559 0.1121255 0.0421663 0.0023593 0.9927962
1341846455.858084 -0.2978766 0.4904524 0.3765424 0.1511741 0.0126012 0.0034357 0.9884208
1341846455.958115 -0.3019844 0.5254112 0.3952418 0.1752450 0.0161683 0.0035994 0.9843855
1341846456.093945 -0.2935278 0.5671343 0.3920195 0.1954018 0.0160858 -0.0046504 0.9805803
1341846457.165966 -0.3250234 0.8413475 0.4428918 0.2413741 0.0076339 -0.0245544 0.9700914
1341846457.570088 -0.3132062 0.8731047 0.4470133 0.2291367 0.0268991 -0.0346699 0.9724047
1341846457.670084 -0.2931453 0.8382308 0.4471514 0.2169963 0.0327662 -0.0257467 0.9752825
1341846457.738024 -0.2807878 0.8005918 0.4453095 0.2137652 0.0385264 -0.0174223 0.9759696
1341846457.802137 -0.2827589 0.7755532 0.4341946 0.2168583 0.0448533 -0.0135290 0.9750783
1341846457.838017 -0.2727673 0.7562885 0.4350436 0.2177221 0.0486649 -0.0144890 0.9746891
1341846457.937994 -0.2665038 0.7258908 0.4391120 0.2198523 0.0549524 -0.0132601 0.9738939
1341846458.845355 -0.2467247 0.3166198 0.3318983 0.0845970 0.0410279 -0.0107966 0.9955117
1341846458.910230 -0.2436084 0.2999751 0.3232692 0.0818016 0.0382927 -0.0065708 0.9958910
1341846459.052625 -0.2474030 0.2783618 0.2991231 0.0624273 0.0356687 -0.0103320 0.9973584
1341846459.546042 -0.2517768 0.1619601 0.2501665 -0.0129549 0.0552628 -0.0746427 0.9955936
1341846459.746062 -0.2714544 0.1355584 0.2487670 -0.0287444 0.0472635 -0.1827836 0.9815957
1341846459.845917 -0.2694120 0.1227907 0.2455568 -0.0313928 0.0342128 -0.2280965 0.9725307
1341846459.914201 -0.2731154 0.1322602 0.2300746 -0.0357660 0.0224012 -0.2676810 0.9625829
1341846460.318118 -0.3032658 0.1638387 0.2204370 -0.0824292 -0.0093425 -0.4138825 0.9065425
1341846460.953981 -0.3218138 0.2032278 0.2015687 -0.1779659 -0.0404862 -0.5777291 0.7955615
1341846461.826110 -0.3099350 0.1428374 0.2362620 -0.0997816 0.0172106 -0.4068630 0.9078600
1341846462.058066 -0.3101279 0.1273819 0.2332441 -0.0548603 0.0274117 -0.2981651 0.9525421
1341846462.400267 -0.3215331 0.0996447 0.2426342 -0.0139939 0.0111964 -0.1403715 0.9899367
1341846462.704029 -0.3185381 0.0812070 0.2193410 0.0379244 0.0218785 0.0112845 0.9989774
1341846463.029970 -0.3085309 0.0549555 0.2101491 0.0682523 0.0258532 0.1459855 0.9865909
1341846463.066067 -0.3097551 0.0545411 0.2088463 0.0697725 0.0259634 0.1555256 0.9850226
1341846463.466070 -0.2845974 0.0296230 0.2055227 0.0985563 0.0385920 0.3039554 0.9467885
1341846463.501955 -0.2876509 0.0310073 0.2017091 0.1033951 0.0412595 0.3118478 0.9435878
1341846464.106086 -0.2966575 0.0543445 0.1933877 0.1195992 0.0756635 0.4963952 0.8564828
1341846464.138960 -0.2982799 0.0569567 0.1956947 0.1176231 0.0777363 0.5087250 0.8493060
1341846464.270037 -0.3067114 0.0692997 0.2074400 0.1236484 0.0992222 0.5713078 0.8052785
1341846464.538050 -0.3124665 0.0866846 0.1940511 0.1540376 0.1433774 0.6433824 0.7360533
1341846464.910024 -0.3145171 0.1007022 0.1793518 0.0966584 0.1624142 0.6836521 0.7049103
1341846465.078033 -0.3180239 0.1154112 0.1894932 0.0712661 0.1517139 0.7054377 0.6886666
1341846465.982097 -0.3378977 0.1060599 0.1556059 0.0339641 0.0931278 0.4995851 0.8605745
1341846466.918000 -0.3223536 0.1430957 0.2285608 0.0044603 0.0784028 0.1734669 0.9817038
1341846467.354092 -0.2747957 0.1416068 0.2243121 -0.0281358 0.0381690 0.0293988 0.9984424
1341846467.390082 -0.2737880 0.1316224 0.2175008 -0.0297801 0.0325899 0.0203536 0.9988177
1341846467.422206 -0.2725823 0.1385765 0.2185062 -0.0285533 0.0266288 0.0116284 0.9991698
1341846467.454073 -0.2683572 0.1353954 0.2135247 -0.0253207 0.0199615 0.0069845 0.9994557
1341846467.490150 -0.2640604 0.1234234 0.2086392 -0.0194681 0.0122558 0.0048710 0.9997235
1341846467.522115 -0.2527164 0.1250346 0.1968845 -0.0114626 0.0058960 0.0029008 0.9999127
1341846467.558053 -0.2459666 0.1237867 0.1883082 -0.0028981 0.0007816 0.0002821 0.9999955
1341846467.589949 -0.2375515 0.1244221 0.1869057 0.0060368 -0.0052849 -0.0000289 0.9999678
1341846467.622077 -0.2168874 0.1361610 0.1785993 0.0205969 -0.0143503 0.0052873 0.9996709
1341846467.658139 -0.2178821 0.1285119 0.1640208 0.0306290 -0.0180959 0.0073176 0.9993402
1341846467.690047 -0.2117460 0.1178625 0.1666621 0.0411918 -0.0238643 0.0154618 0.9987466
1341846467.721985 -0.1986853 0.1396329 0.1644982 0.0544970 -0.0346640 0.0213447 0.9976838
1341846467.758049 -0.1974502 0.1400161 0.1421932 0.0580841 -0.0425534 0.0268000 0.9970442
1341846467.826009 -0.1793624 0.1640754 0.1268926 0.0552789 -0.0544153 0.0273598 0.9966116
1341846467.890215 -0.1567614 0.1551031 0.1160127 0.0524684 -0.0687124 0.0315249 0.9957569
1341846468.026228 -0.1237527 0.1930686 0.0700378 0.0472722 -0.0779790 0.0265185 0.9954805
1341846468.058002 -0.1120843 0.1783176 0.0657153 0.0379593 -0.0780068 0.0238438 0.9959446
1341846468.094305 -0.1066457 0.1875706 0.0532763 0.0332257 -0.0762850 0.0235676 0.9962536
1341846468.194517 -0.0744851 0.2154586 0.0483742 0.0078914 -0.0728214 0.0238484 0.9970286
1341846468.226561 -0.0684083 0.2236151 0.0433682 -0.0056926 -0.0665209 0.0168248 0.9976269
1341846468.258171 -0.0640705 0.2042698 0.0377351 -0.0194513 -0.0618231 0.0121652 0.9978234
1341846468.309995 -0.0464244 0.2089392 0.0245010 -0.0257794 -0.0578188 0.0084907 0.9979581
1341846468.529997 -0.0237041 0.2032528 0.0070114 -0.0502338 -0.0284044 0.0080799 0.9983008
1341846468.862077 0.0086627 0.1865153 0.0007923 -0.0418989 -0.0127654 0.0035675 0.9990339
1341846469.534729 0.0391585 0.1936144 -0.0098177 -0.0284915 0.0030692 0.0112372 0.9995261
1341846470.573973 0.0634390 0.1696835 -0.0305983 0.0084820 0.0252252 0.0334303 0.9990867
