1341846316.034204 0.0000000 0.0000000 0.0000000 0.0000000 0.0000000 0.0000000 1.0000000
1341846316.066113 -0.0067028 0.0015253 0.0023624 0.0025287 0.0001063 0.0003793 0.9999967
1341846316.101867 -0.0059448 0.0045500 -0.0057385 0.0038458 -0.0022284 0.0031762 0.9999851
1341846316.134066 -0.0219147 0.0104434 -0.0030443 0.0037591 -0.0038821 -0.0011520 0.9999847
1341846316.502034 -0.0908414 0.0078643 -0.0311830 0.0171666 -0.0133851 -0.0000235 0.9997631
1341846316.638009 -0.1203976 -0.0041041 -0.0302903 0.0181381 -0.0179650 -0.0046698 0.9996632
1341846316.669925 -0.1286035 -0.0063675 -0.0270012 0.0200508 -0.0184315 -0.0050964 0.9996161
1341846317.173970 -0.2512308 -0.0070423 -0.0553961 0.0323400 -0.0501450 0.0083455 0.9981833
1341846317.306289 -0.2714667 -0.0067259 -0.0566827 0.0340742 -0.0621857 0.0151253 0.9973681
1341846317.410120 -0.2906030 -0.0035763 -0.0610770 0.0365350 -0.0614823 0.0218308 0.9972004
1341846318.918047 -0.6609484 0.0019704 -0.1556790 0.0790655 -0.1612771 0.0071137 0.9837112
1341846319.853917 -0.8866067 0.0343767 -0.1989882 0.0637547 -0.2094743 0.0264944 0.9753737
1341846319.922039 -0.9014112 0.0125469 -0.2052827 0.0576556 -0.2139250 0.0327002 0.9745987
1341846320.190003 -0.8559744 0.0159186 -0.1620122 0.0735766 -0.2286943 0.0234041 0.9704317
1341846320.289887 -0.8365669 -0.0021668 -0.1695363 0.0852683 -0.2251176 0.0290792 0.9701576
1341846320.490186 -0.7515790 0.0014688 -0.1365851 0.1103906 -0.2027905 0.0254602 0.9726468
1341846322.534002 -0.3533890 -0.1800508 -0.0355200 0.0832109 -0.0887941 -0.0201160 0.9923643
1341846323.573913 -0.3159039 -0.4009188 -0.0025706 0.0984477 -0.1048224 -0.0102232 0.9895533
1341846323.742111 -0.3488792 -0.4450656 -0.0086700 0.1037446 -0.1008076 -0.0056420 0.9894661
1341846323.842207 -0.3442653 -0.4545653 -0.0201202 0.1104931 -0.1038191 -0.0159590 0.9883108
1341846325.450747 -0.3343078 -0.1174222 0.0307605 0.0762501 -0.1194553 -0.0054446 0.9898922
1341846326.826821 -0.3788450 0.3119302 0.1121655 0.0806677 -0.0661098 0.0399373 0.9937440
1341846327.063945 -0.3803984 0.3546101 0.1441207 0.0695296 -0.0667465 0.0421478 0.9944516
1341846327.229885 -0.3725569 0.4074202 0.1503872 0.0685642 -0.0610509 0.0337640 0.9952043
1341846327.262014 -0.3667352 0.4169178 0.1609536 0.0682517 -0.0571623 0.0305309 0.9955612
1341846327.294023 -0.3699216 0.4161691 0.1534619 0.0710706 -0.0433724 0.0269437 0.9961635
1341846327.330015 -0.3626449 0.4474074 0.1458927 0.0757455 -0.0351080 0.0219706 0.9962667
1341846327.429966 -0.3797561 0.4982567 0.1610433 0.0730639 -0.0260930 0.0111290 0.9969237
1341846327.461965 -0.3834937 0.5153900 0.1682402 0.0656982 -0.0302360 0.0105055 0.9973260
1341846327.561895 -0.3849685 0.5325055 0.1907248 0.0561064 -0.0336750 0.0151509 0.9977417
1341846327.598010 -0.3881179 0.5379816 0.1904545 0.0568875 -0.0367702 0.0197853 0.9975070
1341846327.629945 -0.3954886 0.5572644 0.1889062 0.0576582 -0.0406269 0.0185520 0.9973369
1341846327.662003 -0.3877462 0.5523859 0.1919518 0.0568386 -0.0449472 0.0147027 0.9972627
1341846327.697919 -0.3849545 0.5729467 0.1931564 0.0595734 -0.0461746 0.0165414 0.9970182
1341846327.730075 -0.3906371 0.6038814 0.1933778 0.0571956 -0.0459115 0.0167859 0.9971655
1341846327.797917 -0.3875665 0.6289737 0.1972084 0.0483385 -0.0470583 0.0184826 0.9975507
1341846327.865944 -0.3807591 0.6376032 0.2056695 0.0366924 -0.0469398 0.0180885 0.9980597
1341846328.265899 -0.3883958 0.6273990 0.1942389 0.0123108 -0.0534775 0.0109014 0.9984336
1341846328.302051 -0.3863575 0.6055720 0.1948959 0.0140791 -0.0536179 0.0128546 0.9983795
1341846328.333917 -0.3897127 0.5909283 0.1881340 0.0168488 -0.0534795 0.0145070 0.9983214
1341846328.366008 -0.3958127 0.5558941 0.1879575 0.0203725 -0.0528919 0.0104365 0.9983379
1341846328.402010 -0.3956686 0.5867392 0.1801836 0.0431107 -0.0515988 0.0171705 0.9975892
1341846331.382003 -0.3382162 -0.0747714 -0.0213621 0.0269878 -0.1466163 -0.0025529 0.9888219
1341846332.726000 -0.4238220 -0.0105166 0.3753553 0.0518773 -0.0936219 0.0079169 0.9942238
1341846333.195660 -0.3908259 0.0233537 0.4937571 0.0364647 -0.0789219 0.0054268 0.9961989
1341846333.362100 -0.3826101 0.0366590 0.5157491 0.0251398 -0.0803592 -0.0020053 0.9964468
1341846333.494040 -0.3786146 0.0316920 0.5285615 0.0219916 -0.0824422 -0.0048507 0.9963413
1341846333.762089 -0.3817042 0.0354446 0.5220164 0.0180754 -0.0813690 -0.0016066 0.9965189
1341846333.997985 -0.3825012 0.0234395 0.4884875 0.0326010 -0.0757581 -0.0066174 0.9965712
1341846334.198072 -0.3946220 0.0227396 0.4440328 0.0411753 -0.0758375 -0.0036740 0.9962629
1341846334.970032 -0.4295436 0.0249489 0.2515576 0.0256809 -0.1011475 -0.0169032 0.9943963
1341846335.206091 -0.4318848 0.0273126 0.1720995 0.0312912 -0.1083994 -0.0172572 0.9934649
1341846335.605970 -0.4206738 0.0292783 0.0533206 0.0505744 -0.0990990 -0.0138896 0.9936945
1341846335.806271 -0.4149126 0.0434640 -0.0109923 0.0506051 -0.0989706 -0.0165343 0.9936652
1341846335.842031 -0.4118461 0.0355481 -0.0189783 0.0480001 -0.0982317 -0.0166183 0.9938664
1341846335.910005 -0.4173198 0.0421291 -0.0420897 0.0487449 -0.0962476 -0.0154194 0.9940435
1341846337.214073 -0.4342870 0.0779002 -0.3250291 0.0578443 -0.1421451 -0.0189467 0.9879726
1341846338.018107 -0.4297606 0.0879634 -0.2835239 0.0283813 -0.1339496 -0.0221058 0.9903350
1341846338.489894 -0.4310444 0.0906934 -0.1627994 0.0100613 -0.1223714 -0.0134943 0.9923416
1341846338.558058 -0.4304292 0.0961876 -0.1484471 0.0104989 -0.1222378 -0.0141712 0.9923441
1341846338.826048 -0.4238893 0.0943557 -0.0587504 0.0047275 -0.1236593 -0.0110939 0.9922515
1341846338.925948 -0.4229334 0.0962902 -0.0264976 0.0018003 -0.1227133 -0.0146156 0.9923329
1341846339.025928 -0.4241234 0.0917339 0.0094425 0.0043565 -0.1199618 -0.0136827 0.9926746
1341846339.057939 -0.4247364 0.0995072 0.0170460 0.0075875 -0.1175724 -0.0135861 0.9929424
1341846339.157969 -0.4201831 0.1073546 0.0486940 0.0014317 -0.1168344 -0.0154100 0.9930308
1341846339.326577 -0.4274154 0.1264614 0.0947411 -0.0102192 -0.1158488 -0.0085507 0.9931775
1341846339.394725 -0.4177662 0.1211466 0.1210662 -0.0153288 -0.1168014 -0.0121049 0.9929632
1341846339.462186 -0.4171162 0.1195330 0.1436567 -0.0187411 -0.1176991 -0.0132368 0.9927842
1341846339.496743 -0.4043182 0.1158689 0.1533379 -0.0160407 -0.1152363 -0.0146161 0.9931010
1341846339.562052 -0.4158505 0.1144594 0.1740827 -0.0149879 -0.1112067 -0.0124358 0.9936064
1341846339.595122 -0.4045223 0.1151753 0.1848439 -0.0127330 -0.1117103 -0.0130454 0.9935736
1341846339.664568 -0.4038120 0.1204558 0.2001135 -0.0099554 -0.1053144 -0.0170366 0.9942432
1341846339.731977 -0.4034849 0.1147487 0.2181552 -0.0102815 -0.1040159 -0.0194206 0.9943328
1341846339.797873 -0.4005716 0.1096289 0.2346888 -0.0104190 -0.1026457 -0.0180762 0.9944991
1341846339.929916 -0.3959179 0.1025658 0.2680902 -0.0130690 -0.1011023 -0.0164898 0.9946535
1341846339.997845 -0.3872258 0.1024062 0.2770838 -0.0103867 -0.1011598 -0.0156565 0.9946927
1341846340.130102 -0.3852667 0.1026667 0.3025953 -0.0071862 -0.0972620 -0.0134111 0.9951425
1341846340.601909 -0.3579997 0.0936500 0.3682479 -0.0002480 -0.1024050 -0.0108648 0.9946834
1341846341.612466 -0.3368926 0.0922083 0.3138795 0.0192153 -0.1151955 -0.0155197 0.9930357
1341846342.379953 -0.3203680 0.0705759 0.2746212 0.0425273 -0.1232531 0.0125330 0.9913844
